40
0
1.1547
0.000231539
1.1645
0.000624
1.17392
0.0011741
1.18296
0.00187855
1.19162
0.00273407
1.19993
0.00373738
1.20787
0.00488519
1.21547
0.00617422
1.22273
0.00760117
1.22966
0.00916278
1.23627
0.0108558
1.24256
0.0126768
1.24854
0.0146227
1.25422
0.01669
1.25961
0.0188756
1.26472
0.0211761
1.26955
0.0235883
1.27411
0.0261089
1.27841
0.0287346
1.28246
0.0314621
1.28626
0.034288
1.28983
0.0372093
1.29317
0.0402225
1.29628
0.0433243
1.29919
0.0465116
1.30188
0.0497809
1.30438
0.0531291
1.3067
0.0565528
1.30883
0.0600488
1.31078
0.0636137
1.31257
0.0672443
1.3142
0.0709373
1.31569
0.0746894
1.31703
0.0784974
1.31823
0.0823579
1.31931
0.0862676
1.32027
0.0902233
1.32112
0.0942218
1.32187
0.0982596
1.32253
0.102334
1.32309
0.10644
1.32358
0.110577
1.324
0.114739
1.32435
0.118925
1.32465
0.12313
1.3249
0.127352
1.32511
0.131587
1.32529
0.135832
1.32545
0.140083
1.32559
0.144338
1.32572
0.148592
1.32585
0.152843
1.32599
0.157088
1.32615
0.161323
1.32633
0.165545
1.32654
0.16975
1.32679
0.173936
1.32709
0.178098
1.32744
0.182235
1.32786
0.186342
1.32835
0.190416
1.32891
0.194453
1.32957
0.198452
1.33032
0.202408
1.33117
0.206317
1.33213
0.210178
1.33321
0.213986
1.33441
0.217738
1.33575
0.221431
1.33724
0.225061
1.33887
0.228626
1.34066
0.232122
1.34262
0.235546
1.34474
0.238894
1.34706
0.242164
1.34956
0.245351
1.35226
0.248453
1.35516
0.251466
1.35827
0.254387
1.36161
0.257213
1.36518
0.259941
1.36898
0.262566
1.37303
0.265087
1.37733
0.267499
1.38189
0.2698
1.38672
0.271985
1.39183
0.274052
1.39722
0.275998
1.4029
0.277819
1.40888
0.279512
1.41517
0.281074
1.42178
0.282501
1.42871
0.28379
1.43597
0.284938
1.44357
0.285941
1.45152
0.286797
1.45982
0.287501
1.46848
0.288051
1.47752
0.288444
1.48694
0.288675
1.49674
0.288675
1.49674
0.288761
1.50647
0.289017
1.51567
0.289439
1.52435
0.290024
1.53253
0.290768
1.5402
0.291668
1.54739
0.292721
1.55411
0.293922
1.56035
0.295269
1.56615
0.296758
1.5715
0.298386
1.57641
0.300148
1.58091
0.302043
1.58499
0.304065
1.58868
0.306212
1.59197
0.308481
1.59489
0.310867
1.59744
0.313367
1.59963
0.315979
1.60147
0.318697
1.60298
0.32152
1.60417
0.324443
1.60504
0.327463
1.60561
0.330577
1.60588
0.333781
1.60588
0.337071
1.6056
0.340444
1.60507
0.343898
1.60428
0.347427
1.60326
0.351029
1.60201
0.3547
1.60055
0.358438
1.59887
0.362237
1.59701
0.366095
1.59496
0.370009
1.59274
0.373975
1.59035
0.377989
1.58781
0.382049
1.58514
0.38615
1.58233
0.390289
1.5794
0.394462
1.57637
0.398667
1.57324
0.4029
1.57002
0.407157
1.56673
0.411434
1.56337
0.415729
1.55996
0.420038
1.5565
0.424357
1.55301
0.428683
1.5495
0.433013
1.54598
0.437342
1.54246
0.441668
1.53895
0.445987
1.53546
0.450296
1.532
0.454591
1.52859
0.458869
1.52523
0.463126
1.52194
0.467358
1.51872
0.471563
1.51559
0.475737
1.51255
0.479876
1.50963
0.483977
1.50682
0.488036
1.50414
0.49205
1.50161
0.496016
1.49922
0.49993
1.497
0.503788
1.49495
0.507588
1.49308
0.511325
1.49141
0.514996
1.48995
0.518599
1.4887
0.522128
1.48768
0.525581
1.48689
0.528954
1.48636
0.532245
1.48608
0.535448
1.48608
0.538562
1.48635
0.541582
1.48692
0.544505
1.48779
0.547328
1.48898
0.550047
1.49049
0.552658
1.49233
0.555159
1.49452
0.557545
1.49707
0.559813
1.49999
0.56196
1.50328
0.563983
1.50697
0.565877
1.51105
0.56764
1.51554
0.569267
1.52046
0.570756
1.52581
0.572103
1.53161
0.573305
1.53785
0.574357
1.54457
0.575257
1.55176
0.576002
1.55943
0.576586
1.5676
0.577008
1.57629
0.577264
1.58549
0.57735
1.59522
0.57735
1.59522
0.577436
1.60493
0.577692
1.61407
0.578114
1.62264
0.578699
1.63066
0.579443
1.63815
0.580343
1.64511
0.581396
1.65156
0.582597
1.6575
0.583944
1.66295
0.585433
1.66792
0.587061
1.67243
0.588823
1.67648
0.590718
1.68008
0.59274
1.68325
0.594887
1.686
0.597156
1.68834
0.599542
1.69028
0.602042
1.69184
0.604654
1.69302
0.607372
1.69384
0.610195
1.69431
0.613118
1.69444
0.616138
1.69424
0.619252
1.69372
0.622456
1.6929
0.625746
1.69179
0.62912
1.6904
0.632573
1.68874
0.636102
1.68682
0.639704
1.68466
0.643375
1.68226
0.647113
1.67964
0.650912
1.67681
0.654771
1.67378
0.658684
1.67056
0.66265
1.66717
0.666665
1.66362
0.670724
1.65991
0.674825
1.65606
0.678964
1.65208
0.683138
1.64799
0.687342
1.64379
0.691575
1.6395
0.695832
1.63512
0.700109
1.63068
0.704404
1.62618
0.708713
1.62163
0.713032
1.61704
0.717358
1.61243
0.721688
1.60781
0.726017
1.60319
0.730343
1.59858
0.734663
1.594
0.738971
1.58945
0.743266
1.58494
0.747544
1.5805
0.751801
1.57612
0.756033
1.57183
0.760238
1.56763
0.764412
1.56354
0.768551
1.55956
0.772652
1.55571
0.776711
1.55201
0.780725
1.54845
0.784691
1.54506
0.788605
1.54184
0.792463
1.53881
0.796263
1.53598
0.8
1.53336
0.803672
1.53096
0.807274
1.5288
0.810803
1.52688
0.814256
1.52522
0.81763
1.52383
0.82092
1.52272
0.824124
1.5219
0.827237
1.52139
0.830257
1.52119
0.833181
1.52132
0.836003
1.52178
0.838722
1.5226
0.841333
1.52379
0.843834
1.52534
0.84622
1.52728
0.848488
1.52962
0.850636
1.53237
0.852658
1.53554
0.854552
1.53915
0.856315
1.54319
0.857943
1.5477
0.859431
1.55267
0.860778
1.55812
0.86198
1.56406
0.863032
1.57051
0.863933
1.57747
0.864677
1.58496
0.865262
1.59298
0.865684
1.60156
0.865939
1.61069
0.866025
1.6204
0.866025
1.6204
0.866111
1.61069
0.866367
1.60154
0.866789
1.59293
0.867374
1.58487
0.868118
1.57734
0.869018
1.57032
0.870071
1.56381
0.871272
1.55779
0.872619
1.55225
0.874108
1.54719
0.875736
1.54258
0.877499
1.53842
0.879393
1.5347
0.881415
1.5314
0.883562
1.52852
0.885831
1.52604
0.888217
1.52394
0.890718
1.52223
0.893329
1.52088
0.896048
1.51989
0.89887
1.51925
0.901793
1.51893
0.904814
1.51894
0.907927
1.51926
0.911131
1.51988
0.914421
1.52078
0.917795
1.52196
0.921248
1.5234
0.924777
1.5251
0.928379
1.52704
0.932051
1.5292
0.935788
1.53159
0.939587
1.53418
0.943446
1.53697
0.94736
1.53994
0.951325
1.54308
0.95534
1.54638
0.959399
1.54983
0.9635
1.55342
0.967639
1.55714
0.971813
1.56097
0.976018
1.56491
0.98025
1.56893
0.984507
1.57304
0.988785
1.57721
0.993079
1.58145
0.997388
1.58573
1.00171
1.59004
1.00603
1.59438
1.01036
1.59872
1.01469
1.60307
1.01902
1.60741
1.02334
1.61172
1.02765
1.616
1.03194
1.62023
1.03622
1.62441
1.04048
1.62851
1.04471
1.63254
1.04891
1.63647
1.05309
1.64031
1.05723
1.64402
1.06133
1.64761
1.06539
1.65106
1.0694
1.65437
1.07337
1.65751
1.07728
1.66048
1.08114
1.66327
1.08494
1.66586
1.08868
1.66824
1.09235
1.67041
1.09595
1.67235
1.09948
1.67404
1.10293
1.67548
1.1063
1.67666
1.1096
1.67757
1.1128
1.67818
1.11591
1.6785
1.11893
1.67851
1.12186
1.6782
1.12468
1.67755
1.1274
1.67656
1.13001
1.67522
1.13251
1.6735
1.1349
1.67141
1.13716
1.66893
1.13931
1.66604
1.14133
1.66274
1.14323
1.65902
1.14499
1.65486
1.14662
1.65026
1.14811
1.64519
1.14945
1.63966
1.15066
1.63364
1.15171
1.62712
1.15261
1.62011
1.15335
1.61257
1.15394
1.60451
1.15436
1.59591
1.15461
1.58676
1.1547
1.57704
1.1547
1.57704
1.15479
1.5673
1.15504
1.55806
1.15546
1.54932
1.15605
1.54107
1.15679
1.53329
1.15769
1.52598
1.15875
1.51913
1.15995
1.51271
1.16129
1.50674
1.16278
1.50118
1.16441
1.49604
1.16617
1.49131
1.16807
1.48697
1.17009
1.48301
1.17224
1.47942
1.17451
1.4762
1.17689
1.47332
1.17939
1.47079
1.182
1.46859
1.18472
1.46671
1.18755
1.46514
1.19047
1.46387
1.19349
1.46289
1.1966
1.46219
1.19981
1.46176
1.2031
1.46159
1.20647
1.46166
1.20992
1.46197
1.21345
1.46252
1.21705
1.46327
1.22073
1.46424
1.22446
1.4654
1.22826
1.46675
1.23212
1.46827
1.23603
1.46996
1.24
1.47181
1.24401
1.4738
1.24807
1.47592
1.25218
1.47817
1.25631
1.48053
1.26049
1.483
1.26469
1.48555
1.26893
1.4882
1.27318
1.49091
1.27746
1.49368
1.28175
1.49651
1.28606
1.49938
1.29038
1.50228
1.29471
1.5052
1.29904
1.50813
1.30337
1.51106
1.30769
1.51398
1.31201
1.51688
1.31632
1.51975
1.32062
1.52258
1.32489
1.52536
1.32915
1.52807
1.33338
1.53071
1.33759
1.53327
1.34176
1.53573
1.3459
1.5381
1.35
1.54034
1.35406
1.54247
1.35808
1.54446
1.36204
1.5463
1.36596
1.54799
1.36981
1.54952
1.37361
1.55086
1.37735
1.55203
1.38102
1.55299
1.38462
1.55375
1.38815
1.55429
1.39161
1.5546
1.39498
1.55468
1.39827
1.55451
1.40147
1.55407
1.40459
1.55337
1.40761
1.55239
1.41053
1.55112
1.41335
1.54956
1.41607
1.54768
1.41868
1.54547
1.42118
1.54294
1.42357
1.54007
1.42584
1.53684
1.42799
1.53326
1.43001
1.5293
1.4319
1.52496
1.43367
1.52022
1.43529
1.51508
1.43678
1.50953
1.43813
1.50355
1.43933
1.49714
1.44038
1.49028
1.44128
1.48297
1.44203
1.47519
1.44261
1.46694
1.44303
1.4582
1.44329
1.44896
1.44338
1.43922
1.44338
1.43922
1.44346
1.42935
1.44372
1.41974
1.44414
1.41038
1.44472
1.40127
1.44547
1.3924
1.44637
1.38376
1.44742
1.37536
1.44862
1.36719
1.44997
1.35923
1.45146
1.35149
1.45309
1.34396
1.45485
1.33664
1.45674
1.32951
1.45877
1.32258
1.46091
1.31584
1.46318
1.30928
1.46557
1.30291
1.46807
1.2967
1.47068
1.29066
1.4734
1.28479
1.47622
1.27907
1.47914
1.27351
1.48216
1.2681
1.48528
1.26282
1.48848
1.25768
1.49177
1.25268
1.49514
1.2478
1.4986
1.24304
1.50213
1.2384
1.50573
1.23386
1.5094
1.22944
1.51314
1.22511
1.51694
1.22088
1.5208
1.21673
1.52471
1.21267
1.52868
1.20869
1.53269
1.20479
1.53675
1.20095
1.54085
1.19717
1.54499
1.19345
1.54916
1.18979
1.55337
1.18617
1.5576
1.1826
1.56186
1.17906
1.56613
1.17555
1.57043
1.17207
1.57474
1.16861
1.57906
1.16516
1.58338
1.16173
1.58771
1.1583
1.59204
1.15487
1.59637
1.15144
1.60069
1.148
1.605
1.14454
1.60929
1.14105
1.61357
1.13755
1.61783
1.13401
1.62206
1.13043
1.62626
1.12682
1.63044
1.12315
1.63458
1.11943
1.63868
1.11566
1.64274
1.11182
1.64675
1.10791
1.65072
1.10393
1.65463
1.09987
1.65849
1.09573
1.66229
1.09149
1.66603
1.08717
1.6697
1.08274
1.6733
1.07821
1.67683
1.07356
1.68028
1.06881
1.68365
1.06393
1.68695
1.05892
1.69015
1.05378
1.69326
1.04851
1.69628
1.04309
1.69921
1.03753
1.70203
1.03181
1.70475
1.02594
1.70736
1.0199
1.70986
1.0137
1.71225
1.00732
1.71451
1.00076
1.71666
0.994023
1.71868
0.987093
1.72058
0.979968
1.72234
0.972644
1.72397
0.965114
1.72546
0.957374
1.7268
0.949419
1.72801
0.941242
1.72906
0.93284
1.72996
0.924206
1.7307
0.915336
1.73129
0.906223
1.73171
0.896864
1.73196
0.887252
1.73205
0.877383
1.73205
0.877383
1.73203
0.867585
1.73198
0.858188
1.73189
0.849181
1.73176
0.840559
1.73161
0.832311
1.73141
0.824431
1.73119
0.816909
1.73094
0.809738
1.73065
0.80291
1.73033
0.796417
1.72999
0.790249
1.72961
0.7844
1.72921
0.778861
1.72878
0.773624
1.72833
0.76868
1.72784
0.764022
1.72734
0.759641
1.72681
0.755529
1.72625
0.751678
1.72567
0.748081
1.72507
0.744728
1.72445
0.741611
1.72381
0.738723
1.72315
0.736055
1.72247
0.7336
1.72177
0.731348
1.72105
0.729292
1.72032
0.727423
1.71957
0.725734
1.7188
0.724217
1.71802
0.722862
1.71723
0.721663
1.71642
0.72061
1.7156
0.719696
1.71477
0.718913
1.71393
0.718252
1.71308
0.717705
1.71221
0.717264
1.71134
0.716921
1.71046
0.716668
1.70958
0.716496
1.70868
0.716398
1.70779
0.716365
1.70688
0.716389
1.70597
0.716462
1.70506
0.716576
1.70414
0.716723
1.70323
0.716894
1.70231
0.717081
1.70139
0.717277
1.70047
0.717472
1.69955
0.717659
1.69863
0.71783
1.69772
0.717977
1.6968
0.718091
1.6959
0.718164
1.69499
0.718188
1.69409
0.718155
1.6932
0.718057
1.69231
0.717885
1.69143
0.717632
1.69056
0.717289
1.6897
0.716848
1.68885
0.716301
1.688
0.71564
1.68717
0.714857
1.68635
0.713943
1.68555
0.71289
1.68475
0.711691
1.68397
0.710336
1.68321
0.708819
1.68246
0.70713
1.68172
0.705261
1.68101
0.703205
1.68031
0.700954
1.67963
0.698498
1.67897
0.69583
1.67832
0.692942
1.6777
0.689826
1.6771
0.686472
1.67653
0.682875
1.67597
0.679024
1.67544
0.674912
1.67493
0.670532
1.67445
0.665873
1.674
0.66093
1.67357
0.655692
1.67316
0.650153
1.67279
0.644304
1.67244
0.638136
1.67213
0.631643
1.67184
0.624815
1.67159
0.617644
1.67136
0.610122
1.67117
0.602242
1.67101
0.593994
1.67089
0.585372
1.6708
0.576366
1.67074
0.566968
1.67073
0.55717
1.67073
0.55717
1.66733
0.548033
1.66411
0.539365
1.66105
0.531158
1.65815
0.523402
1.65541
0.516087
1.65283
0.509203
1.6504
0.502742
1.64811
0.496693
1.64597
0.491047
1.64397
0.485794
1.64211
0.480925
1.64038
0.47643
1.63878
0.4723
1.63731
0.468525
1.63596
0.465095
1.63474
0.462
1.63363
0.459232
1.63263
0.45678
1.63174
0.454636
1.63096
0.452788
1.63029
0.451229
1.62971
0.449947
1.62923
0.448935
1.62884
0.448181
1.62854
0.447677
1.62833
0.447412
1.6282
0.447378
1.62815
0.447564
1.62817
0.447961
1.62827
0.44856
1.62843
0.449351
1.62866
0.450324
1.62896
0.451469
1.62931
0.452778
1.62971
0.45424
1.63017
0.455846
1.63068
0.457586
1.63123
0.459451
1.63182
0.461431
1.63245
0.463517
1.63311
0.465698
1.63381
0.467966
1.63453
0.470311
1.63527
0.472723
1.63604
0.475192
1.63682
0.477709
1.63762
0.480265
1.63843
0.482849
1.63924
0.485453
1.64006
0.488066
1.64088
0.490679
1.6417
0.493283
1.6425
0.495867
1.6433
0.498423
1.64409
0.50094
1.64485
0.50341
1.6456
0.505821
1.64632
0.508166
1.64702
0.510434
1.64768
0.512615
1.64831
0.514701
1.6489
0.516681
1.64945
0.518546
1.64996
0.520286
1.65041
0.521892
1.65082
0.523354
1.65117
0.524663
1.65146
0.525809
1.65169
0.526781
1.65186
0.527572
1.65195
0.528171
1.65198
0.528568
1.65193
0.528754
1.6518
0.52872
1.65158
0.528456
1.65129
0.527951
1.6509
0.527197
1.65042
0.526185
1.64984
0.524903
1.64916
0.523344
1.64838
0.521496
1.6475
0.519352
1.6465
0.5169
1.64539
0.514132
1.64416
0.511037
1.64282
0.507607
1.64135
0.503832
1.63975
0.499702
1.63802
0.495207
1.63616
0.490338
1.63416
0.485085
1.63201
0.479439
1.62973
0.47339
1.6273
0.466929
1.62471
0.460046
1.62197
0.45273
1.61908
0.444974
1.61602
0.436767
1.61279
0.428099
1.6094
0.418962
1.6094
0.418962
1.60493
0.410307
1.6007
0.402112
1.5967
0.394367
1.59292
0.387063
1.58936
0.38019
1.58601
0.373739
1.58288
0.3677
1.57995
0.362065
1.57721
0.356823
1.57468
0.351966
1.57233
0.347484
1.57017
0.343368
1.56819
0.339608
1.56639
0.336195
1.56476
0.333119
1.5633
0.330372
1.562
0.327943
1.56085
0.325824
1.55986
0.324005
1.55902
0.322476
1.55831
0.321229
1.55775
0.320254
1.55732
0.319541
1.55702
0.319082
1.55684
0.318866
1.55678
0.318885
1.55684
0.319128
1.55701
0.319588
1.55728
0.320253
1.55765
0.321116
1.55811
0.322166
1.55867
0.323394
1.55931
0.324791
1.56004
0.326348
1.56084
0.328054
1.56171
0.329901
1.56264
0.331879
1.56364
0.33398
1.5647
0.336192
1.56581
0.338508
1.56697
0.340918
1.56817
0.343412
1.56941
0.345981
1.57068
0.348616
1.57198
0.351307
1.5733
0.354045
1.57464
0.35682
1.576
0.359623
1.57737
0.362446
1.57874
0.365277
1.58011
0.368109
1.58148
0.370931
1.58283
0.373735
1.58418
0.37651
1.5855
0.379248
1.5868
0.381939
1.58807
0.384573
1.58931
0.387142
1.59051
0.389636
1.59167
0.392046
1.59278
0.394362
1.59383
0.396575
1.59483
0.398675
1.59577
0.400653
1.59664
0.4025
1.59744
0.404207
1.59816
0.405763
1.59881
0.40716
1.59936
0.408389
1.59983
0.409439
1.6002
0.410301
1.60047
0.410967
1.60064
0.411426
1.60069
0.41167
1.60063
0.411689
1.60046
0.411473
1.60016
0.411013
1.59973
0.410301
1.59916
0.409325
1.59846
0.408078
1.59762
0.40655
1.59662
0.404731
1.59548
0.402611
1.59418
0.400183
1.59271
0.397435
1.59108
0.39436
1.58928
0.390947
1.5873
0.387187
1.58514
0.38307
1.5828
0.378588
1.58026
0.373731
1.57753
0.36849
1.5746
0.362854
1.57146
0.356816
1.56812
0.350365
1.56456
0.343492
1.56078
0.336187
1.55677
0.328442
1.55254
0.320247
1.54808
0.311593
1.54808
0.311593
1.54291
0.303343
1.53801
0.295539
1.53339
0.28817
1.52904
0.281228
1.52494
0.274703
1.52109
0.268587
1.5175
0.26287
1.51414
0.257543
1.51102
0.252598
1.50814
0.248024
1.50548
0.243814
1.50303
0.239958
1.50081
0.236446
1.49879
0.233271
1.49697
0.230422
1.49535
0.227891
1.49393
0.225668
1.49268
0.223745
1.49162
0.222113
1.49074
0.220762
1.49002
0.219683
1.48947
0.218867
1.48907
0.218306
1.48882
0.217989
1.48873
0.217909
1.48877
0.218055
1.48895
0.21842
1.48926
0.218993
1.48969
0.219765
1.49024
0.220729
1.4909
0.221873
1.49167
0.223191
1.49254
0.224671
1.49351
0.226306
1.49457
0.228087
1.49571
0.230003
1.49693
0.232046
1.49822
0.234208
1.49959
0.236478
1.50101
0.238848
1.50249
0.241309
1.50402
0.243852
1.50559
0.246467
1.50721
0.249146
1.50886
0.251879
1.51054
0.254658
1.51224
0.257473
1.51395
0.260315
1.51568
0.263175
1.51741
0.266045
1.51915
0.268914
1.52087
0.271774
1.52259
0.274617
1.52429
0.277432
1.52597
0.28021
1.52762
0.282943
1.52923
0.285622
1.53081
0.288237
1.53234
0.29078
1.53382
0.293241
1.53524
0.295611
1.5366
0.297882
1.5379
0.300043
1.53912
0.302086
1.54026
0.304003
1.54132
0.305783
1.54228
0.307418
1.54316
0.308899
1.54393
0.310216
1.54459
0.311361
1.54514
0.312324
1.54557
0.313097
1.54588
0.31367
1.54606
0.314034
1.5461
0.314181
1.546
0.3141
1.54576
0.313784
1.54536
0.313222
1.54481
0.312407
1.54409
0.311328
1.5432
0.309977
1.54214
0.308344
1.5409
0.306421
1.53947
0.304198
1.53785
0.301667
1.53604
0.298819
1.53402
0.295643
1.53179
0.292132
1.52935
0.288275
1.52669
0.284065
1.5238
0.279492
1.52068
0.274546
1.51733
0.26922
1.51373
0.263503
1.50989
0.257386
1.50579
0.250862
1.50143
0.243919
1.49681
0.236551
1.49192
0.228746
1.48675
0.220497
1.48675
0.220497
1.48106
0.212599
1.47568
0.205132
1.4706
0.198085
1.46582
0.191451
1.46133
0.18522
1.45711
0.179384
1.45318
0.173934
1.44951
0.168862
1.44611
0.164157
1.44296
0.159812
1.44007
0.155819
1.43742
0.152167
1.43501
0.148848
1.43283
0.145855
1.43087
0.143177
1.42914
0.140806
1.42762
0.138733
1.42631
0.136949
1.4252
0.135447
1.42428
0.134216
1.42355
0.133249
1.423
0.132535
1.42263
0.132068
1.42243
0.131837
1.42239
0.131835
1.42251
0.132051
1.42277
0.132479
1.42319
0.133108
1.42374
0.13393
1.42442
0.134936
1.42523
0.136117
1.42616
0.137466
1.4272
0.138972
1.42834
0.140627
1.42959
0.142423
1.43093
0.14435
1.43236
0.1464
1.43387
0.148564
1.43546
0.150834
1.43712
0.153199
1.43884
0.155653
1.44061
0.158185
1.44243
0.160788
1.4443
0.163452
1.44621
0.166169
1.44815
0.16893
1.45011
0.171725
1.45209
0.174547
1.45409
0.177387
1.45609
0.180235
1.45809
0.183083
1.46008
0.185923
1.46207
0.188745
1.46403
0.19154
1.46597
0.194301
1.46787
0.197018
1.46974
0.199682
1.47157
0.202285
1.47334
0.204817
1.47506
0.207271
1.47672
0.209636
1.4783
0.211906
1.47981
0.21407
1.48124
0.21612
1.48258
0.218047
1.48383
0.219843
1.48498
0.221498
1.48602
0.223004
1.48695
0.224353
1.48775
0.225534
1.48844
0.22654
1.48899
0.227362
1.4894
0.227991
1.48967
0.228419
1.48979
0.228635
1.48975
0.228633
1.48955
0.228402
1.48918
0.227934
1.48863
0.227221
1.4879
0.226254
1.48698
0.225023
1.48587
0.223521
1.48456
0.221737
1.48304
0.219664
1.4813
0.217293
1.47935
0.214615
1.47717
0.211622
1.47476
0.208303
1.47211
0.204651
1.46921
0.200658
1.46607
0.196313
1.46267
0.191608
1.459
0.186536
1.45506
0.181086
1.45085
0.17525
1.44636
0.169019
1.44157
0.162385
1.43649
0.155338
1.43111
0.147871
1.42543
0.139973
1.42543
0.139973
1.41933
0.132387
1.41357
0.125217
1.40813
0.118454
1.40302
0.11209
1.39821
0.106115
1.39371
0.100522
1.38951
0.0953026
1.3856
0.0904477
1.38197
0.0859489
1.37862
0.0817978
1.37554
0.077986
1.37273
0.0745049
1.37017
0.0713461
1.36787
0.0685011
1.36581
0.0659613
1.36399
0.0637185
1.36239
0.0617639
1.36102
0.0600892
1.35987
0.058686
1.35893
0.0575456
1.35819
0.0566596
1.35765
0.0560196
1.3573
0.0556171
1.35713
0.0554435
1.35713
0.0554904
1.35731
0.0557494
1.35765
0.0562118
1.35815
0.0568694
1.35879
0.0577135
1.35958
0.0587357
1.3605
0.0599276
1.36155
0.0612806
1.36272
0.0627862
1.36401
0.064436
1.36541
0.0662215
1.36691
0.0681342
1.3685
0.0701656
1.37018
0.0723073
1.37194
0.0745508
1.37378
0.0768875
1.37569
0.0793091
1.37765
0.0818069
1.37967
0.0843727
1.38174
0.0869978
1.38385
0.0896737
1.38599
0.0923921
1.38816
0.0951444
1.39035
0.0979222
1.39255
0.100717
1.39476
0.10352
1.39697
0.106323
1.39918
0.109118
1.40137
0.111896
1.40354
0.114648
1.40568
0.117366
1.40779
0.120042
1.40985
0.122667
1.41187
0.125233
1.41384
0.127731
1.41575
0.130153
1.41758
0.132489
1.41935
0.134733
1.42103
0.136875
1.42262
0.138906
1.42412
0.140819
1.42552
0.142604
1.4268
0.144254
1.42798
0.14576
1.42903
0.147113
1.42995
0.148304
1.43074
0.149327
1.43138
0.150171
1.43188
0.150828
1.43222
0.151291
1.43239
0.15155
1.4324
0.151597
1.43223
0.151423
1.43188
0.151021
1.43134
0.150381
1.4306
0.149495
1.42965
0.148354
1.4285
0.146951
1.42713
0.145276
1.42554
0.143322
1.42372
0.141079
1.42166
0.138539
1.41935
0.135694
1.4168
0.132535
1.41398
0.129054
1.41091
0.125242
1.40756
0.121091
1.40393
0.116592
1.40002
0.111737
1.39582
0.106518
1.39132
0.100925
1.38651
0.0949506
1.38139
0.088586
1.37596
0.0818229
1.37019
0.0746527
1.3641
0.0670669
1.3641
0.0670669
1.35768
0.0597605
1.3516
0.0528563
1.34588
0.0463461
1.34049
0.0402216
1.33543
0.0344746
1.33069
0.029097
1.32627
0.0240805
1.32216
0.0194169
1.31836
0.0150981
1.31484
0.0111157
1.31162
0.00746164
1.30867
0.00412767
1.306
0.00110557
1.30359
-0.00161285
1.30145
-0.0040358
1.29955
-0.00617149
1.2979
-0.00802813
1.29648
-0.00961392
1.2953
-0.0109371
1.29434
-0.0120058
1.29359
-0.0128283
1.29305
-0.0134128
1.29272
-0.0137675
1.29257
-0.0139006
1.29262
-0.0138203
1.29284
-0.0135348
1.29324
-0.0130523
1.2938
-0.0123811
1.29452
-0.0115292
1.29539
-0.0105051
1.29641
-0.00931677
1.29756
-0.00797252
1.29884
-0.00648054
1.30024
-0.00484903
1.30176
-0.0030862
1.30338
-0.00120026
1.30511
0.000800587
1.30693
0.00290813
1.30884
0.00511416
1.31082
0.00741047
1.31288
0.00978885
1.315
0.0122411
1.31718
0.014759
1.31941
0.0173344
1.32168
0.019959
1.32399
0.0226246
1.32633
0.0253231
1.32868
0.0280462
1.33106
0.0307857
1.33344
0.0335334
1.33582
0.0362812
1.33819
0.0390207
1.34055
0.0417438
1.34289
0.0444422
1.3452
0.0471079
1.34747
0.0497325
1.3497
0.0523079
1.35188
0.0548258
1.354
0.057278
1.35606
0.0596564
1.35804
0.0619527
1.35995
0.0641587
1.36177
0.0662663
1.36349
0.0682671
1.36512
0.0701531
1.36664
0.0719159
1.36804
0.0735474
1.36932
0.0750394
1.37047
0.0763836
1.37149
0.077572
1.37236
0.0785961
1.37308
0.0794479
1.37364
0.0801192
1.37403
0.0806016
1.37426
0.0808871
1.3743
0.0809674
1.37416
0.0808344
1.37382
0.0804797
1.37329
0.0798952
1.37254
0.0790727
1.37158
0.078004
1.37039
0.0766808
1.36898
0.075095
1.36733
0.0732384
1.36543
0.0711027
1.36328
0.0686797
1.36088
0.0659613
1.3582
0.0629392
1.35526
0.0596052
1.35203
0.0559512
1.34852
0.0519688
1.34471
0.0476499
1.3406
0.0429864
1.33618
0.0379699
1.33145
0.0325923
1.32639
0.0268453
1.321
0.0207208
1.31527
0.0142106
1.3092
0.00730636
1.30278
-5.00278e-16
1.30278
0
1.29604
-0.00708812
1.2896
-0.0138547
1.28345
-0.0203062
1.27758
-0.0264492
1.27199
-0.0322904
1.26667
-0.0378363
1.26161
-0.0430934
1.25682
-0.0480682
1.25228
-0.0527675
1.24798
-0.0571976
1.24393
-0.0613653
1.24011
-0.065277
1.23652
-0.0689393
1.23316
-0.0723588
1.23001
-0.075542
1.22707
-0.0784955
1.22434
-0.0812259
1.22181
-0.0837397
1.21946
-0.0860435
1.21731
-0.0881439
1.21534
-0.0900473
1.21354
-0.0917605
1.21191
-0.0932899
1.21045
-0.0946421
1.20914
-0.0958236
1.20798
-0.0968411
1.20696
-0.0977011
1.20609
-0.0984101
1.20535
-0.0989747
1.20473
-0.0994016
1.20424
-0.0996971
1.20385
-0.099868
1.20358
-0.0999207
1.20341
-0.0998619
1.20334
-0.0996981
1.20336
-0.0994358
1.20346
-0.0990816
1.20364
-0.0986422
1.20389
-0.0981239
1.20421
-0.0975335
1.20459
-0.0968775
1.20502
-0.0961624
1.2055
-0.0953948
1.20603
-0.0945812
1.20659
-0.0937283
1.20718
-0.0928425
1.20779
-0.0919305
1.20843
-0.0909988
1.20907
-0.090054
1.20972
-0.0891027
1.21037
-0.0881513
1.21102
-0.0872065
1.21165
-0.0862748
1.21226
-0.0853628
1.21285
-0.084477
1.21341
-0.0836241
1.21394
-0.0828105
1.21442
-0.0820429
1.21485
-0.0813278
1.21523
-0.0806718
1.21555
-0.0800814
1.2158
-0.0795631
1.21598
-0.0791237
1.21608
-0.0787695
1.2161
-0.0785072
1.21603
-0.0783434
1.21586
-0.0782846
1.21559
-0.0783373
1.21521
-0.0785082
1.21471
-0.0788037
1.21409
-0.0792306
1.21335
-0.0797952
1.21248
-0.0805042
1.21146
-0.0813642
1.2103
-0.0823817
1.20899
-0.0835632
1.20753
-0.0849154
1.2059
-0.0864448
1.2041
-0.088158
1.20213
-0.0900614
1.19998
-0.0921618
1.19764
-0.0944656
1.1951
-0.0969794
1.19237
-0.0997098
1.18943
-0.102663
1.18628
-0.105847
1.18292
-0.109266
1.17933
-0.112928
1.17551
-0.11684
1.17146
-0.121008
1.16716
-0.125438
1.16262
-0.130137
1.15783
-0.135112
1.15277
-0.140369
1.14745
-0.145915
1.14186
-0.151756
1.13599
-0.157899
1.12984
-0.164351
1.1234
-0.171117
1.11666
-0.178205
1.11666
-0.178205
1.10932
-0.184651
1.1023
-0.190798
1.09561
-0.196653
1.08924
-0.202222
1.08319
-0.207512
1.07743
-0.212527
1.07198
-0.217275
1.06682
-0.221761
1.06194
-0.225992
1.05734
-0.229973
1.05301
-0.23371
1.04895
-0.237211
1.04514
-0.24048
1.04159
-0.243524
1.03828
-0.246349
1.03521
-0.248961
1.03237
-0.251366
1.02975
-0.253571
1.02735
-0.25558
1.02516
-0.257401
1.02317
-0.25904
1.02138
-0.260502
1.01978
-0.261793
1.01837
-0.262921
1.01713
-0.26389
1.01605
-0.264707
1.01515
-0.265378
1.0144
-0.265909
1.01379
-0.266306
1.01333
-0.266575
1.01301
-0.266723
1.01281
-0.266755
1.01274
-0.266678
1.01278
-0.266497
1.01293
-0.266219
1.01319
-0.265849
1.01353
-0.265395
1.01397
-0.264861
1.01449
-0.264254
1.01508
-0.26358
1.01574
-0.262846
1.01646
-0.262056
1.01723
-0.261218
1.01806
-0.260338
1.01892
-0.259421
1.01982
-0.258473
1.02074
-0.257501
1.02169
-0.256511
1.02264
-0.255509
1.02361
-0.2545
1.02457
-0.253492
1.02553
-0.25249
1.02648
-0.2515
1.0274
-0.250528
1.0283
-0.24958
1.02916
-0.248663
1.02998
-0.247782
1.03076
-0.246944
1.03148
-0.246155
1.03214
-0.24542
1.03273
-0.244747
1.03325
-0.24414
1.03369
-0.243606
1.03403
-0.243151
1.03429
-0.242782
1.03444
-0.242504
1.03448
-0.242323
1.03441
-0.242245
1.03421
-0.242278
1.03389
-0.242425
1.03343
-0.242695
1.03282
-0.243092
1.03207
-0.243623
1.03116
-0.244294
1.03009
-0.245111
1.02885
-0.24608
1.02744
-0.247207
1.02584
-0.248499
1.02405
-0.249961
1.02206
-0.2516
1.01987
-0.253421
1.01747
-0.25543
1.01485
-0.257635
1.01201
-0.26004
1.00894
-0.262652
1.00563
-0.265477
1.00207
-0.268521
0.998269
-0.27179
0.994206
-0.27529
0.989878
-0.279028
0.985279
-0.283009
0.980402
-0.28724
0.97524
-0.291726
0.969786
-0.296474
0.964033
-0.301489
0.957975
-0.306778
0.951605
-0.312348
0.944916
-0.318203
0.937901
-0.32435
0.930554
-0.330795
0.930554
-0.330795
0.922812
-0.336756
0.915427
-0.342439
0.90839
-0.347848
0.901696
-0.352991
0.895336
-0.357872
0.889304
-0.362497
0.883591
-0.366872
0.878191
-0.371003
0.873097
-0.374895
0.868301
-0.378555
0.863796
-0.381986
0.859575
-0.385197
0.85563
-0.388191
0.851954
-0.390975
0.84854
-0.393554
0.84538
-0.395935
0.842468
-0.398122
0.839796
-0.400122
0.837357
-0.401939
0.835143
-0.403581
0.833147
-0.405052
0.831362
-0.406359
0.829781
-0.407506
0.828397
-0.4085
0.827201
-0.409346
0.826187
-0.410049
0.825348
-0.410617
0.824676
-0.411054
0.824164
-0.411366
0.823805
-0.411558
0.823592
-0.411637
0.823516
-0.411608
0.823572
-0.411476
0.823751
-0.411248
0.824046
-0.410929
0.824451
-0.410525
0.824957
-0.410041
0.825558
-0.409483
0.826247
-0.408857
0.827015
-0.408169
0.827856
-0.407423
0.828763
-0.406627
0.829727
-0.405785
0.830743
-0.404903
0.831802
-0.403988
0.832898
-0.403043
0.834023
-0.402077
0.835169
-0.401093
0.83633
-0.400097
0.837499
-0.399096
0.838667
-0.398095
0.839828
-0.3971
0.840975
-0.396116
0.842099
-0.395149
0.843195
-0.394205
0.844254
-0.393289
0.84527
-0.392407
0.846235
-0.391565
0.847141
-0.390769
0.847982
-0.390024
0.84875
-0.389335
0.849439
-0.388709
0.85004
-0.388152
0.850546
-0.387668
0.850951
-0.387263
0.851246
-0.386944
0.851426
-0.386716
0.851481
-0.386585
0.851406
-0.386556
0.851192
-0.386634
0.850833
-0.386827
0.850321
-0.387139
0.849649
-0.387575
0.84881
-0.388143
0.847796
-0.388847
0.846601
-0.389693
0.845216
-0.390687
0.843635
-0.391834
0.84185
-0.39314
0.839855
-0.394611
0.837641
-0.396253
0.835201
-0.398071
0.832529
-0.40007
0.829617
-0.402258
0.826458
-0.404638
0.823044
-0.407218
0.819368
-0.410002
0.815423
-0.412996
0.811201
-0.416206
0.806696
-0.419638
0.8019
-0.423297
0.796806
-0.427189
0.791406
-0.43132
0.785694
-0.435695
0.779661
-0.440321
0.773301
-0.445202
0.766607
-0.450344
0.759571
-0.455754
0.752185
-0.461436
0.744443
-0.467397
0.744443
-0.467397
0.736453
-0.473018
0.728835
-0.478376
0.72158
-0.483476
0.714682
-0.488323
0.708132
-0.492923
0.701924
-0.497281
0.696049
-0.501403
0.6905
-0.505293
0.685269
-0.508958
0.680349
-0.512402
0.675733
-0.515631
0.671412
-0.518651
0.667379
-0.521466
0.663626
-0.524083
0.660147
-0.526505
0.656933
-0.52874
0.653976
-0.530792
0.65127
-0.532667
0.648806
-0.534369
0.646577
-0.535905
0.644576
-0.53728
0.642794
-0.538499
0.641225
-0.539567
0.639861
-0.54049
0.638693
-0.541273
0.637715
-0.541922
0.636919
-0.542442
0.636297
-0.542838
0.635842
-0.543117
0.635547
-0.543282
0.635403
-0.543339
0.635402
-0.543295
0.635539
-0.543154
0.635804
-0.542921
0.636191
-0.542602
0.636691
-0.542203
0.637297
-0.541729
0.638002
-0.541184
0.638798
-0.540575
0.639677
-0.539907
0.640632
-0.539185
0.641655
-0.538415
0.642739
-0.537602
0.643876
-0.536751
0.645059
-0.535868
0.646279
-0.534958
0.64753
-0.534027
0.648803
-0.533079
0.650092
-0.532121
0.651388
-0.531157
0.652684
-0.530194
0.653973
-0.529235
0.655246
-0.528288
0.656497
-0.527356
0.657717
-0.526446
0.658899
-0.525563
0.660036
-0.524713
0.66112
-0.523899
0.662144
-0.523129
0.663099
-0.522407
0.663978
-0.521739
0.664774
-0.52113
0.665479
-0.520586
0.666085
-0.520112
0.666585
-0.519712
0.666972
-0.519394
0.667237
-0.519161
0.667373
-0.51902
0.667373
-0.518975
0.667229
-0.519033
0.666933
-0.519198
0.666478
-0.519476
0.665857
-0.519872
0.665061
-0.520392
0.664083
-0.521041
0.662915
-0.521825
0.66155
-0.522748
0.659981
-0.523816
0.6582
-0.525035
0.656198
-0.52641
0.65397
-0.527945
0.651506
-0.529648
0.648799
-0.531523
0.645843
-0.533575
0.642629
-0.535809
0.639149
-0.538232
0.635397
-0.540849
0.631364
-0.543664
0.627043
-0.546683
0.622426
-0.549913
0.617506
-0.553357
0.612276
-0.557021
0.606727
-0.560912
0.600852
-0.565033
0.594643
-0.569391
0.588094
-0.573991
0.581195
-0.578839
0.573941
-0.583938
0.566322
-0.589296
0.558332
-0.594918
0.558332
-0.594918
0.550228
-0.600373
0.542503
-0.605574
0.535148
-0.610526
0.528156
-0.615234
0.521519
-0.619703
0.51523
-0.623939
0.50928
-0.627947
0.503662
-0.631732
0.498369
-0.635298
0.493392
-0.638653
0.488724
-0.641799
0.484358
-0.644743
0.480284
-0.64749
0.476497
-0.650045
0.472987
-0.652414
0.469748
-0.654601
0.466771
-0.656611
0.464049
-0.65845
0.461574
-0.660123
0.459338
-0.661636
0.457334
-0.662992
0.455554
-0.664198
0.45399
-0.665259
0.452635
-0.66618
0.45148
-0.666966
0.450519
-0.667623
0.449743
-0.668154
0.449144
-0.668567
0.448715
-0.668865
0.448449
-0.669055
0.448336
-0.66914
0.448371
-0.669127
0.448544
-0.669021
0.448849
-0.668827
0.449277
-0.668549
0.449822
-0.668194
0.450474
-0.667766
0.451227
-0.66727
0.452072
-0.666713
0.453002
-0.666098
0.454009
-0.665431
0.455086
-0.664718
0.456225
-0.663963
0.457418
-0.663172
0.458657
-0.66235
0.459935
-0.661502
0.461243
-0.660633
0.462575
-0.659748
0.463922
-0.658853
0.465277
-0.657953
0.466632
-0.657053
0.467979
-0.656158
0.469311
-0.655274
0.470619
-0.654405
0.471897
-0.653556
0.473136
-0.652734
0.474329
-0.651943
0.475468
-0.651188
0.476545
-0.650475
0.477552
-0.649808
0.478482
-0.649194
0.479328
-0.648636
0.48008
-0.64814
0.480732
-0.647712
0.481277
-0.647357
0.481705
-0.64708
0.48201
-0.646885
0.482183
-0.646779
0.482218
-0.646766
0.482105
-0.646851
0.481839
-0.647041
0.48141
-0.647339
0.480811
-0.647752
0.480035
-0.648283
0.479074
-0.64894
0.477919
-0.649726
0.476564
-0.650647
0.475
-0.651708
0.47322
-0.652914
0.471216
-0.654271
0.46898
-0.655783
0.466505
-0.657456
0.463783
-0.659295
0.460806
-0.661306
0.457567
-0.663492
0.454057
-0.665861
0.45027
-0.668416
0.446196
-0.671163
0.44183
-0.674107
0.437162
-0.677254
0.432185
-0.680608
0.426892
-0.684174
0.421274
-0.687959
0.415324
-0.691967
0.409035
-0.696203
0.402398
-0.700672
0.395406
-0.70538
0.388051
-0.710332
0.380326
-0.715533
0.372222
-0.720988
0.372222
-0.720988
0.364192
-0.726557
0.356536
-0.731872
0.349247
-0.736939
0.342316
-0.741764
0.335736
-0.746351
0.329499
-0.750706
0.323598
-0.754833
0.318025
-0.758739
0.312773
-0.762428
0.307833
-0.765905
0.303199
-0.769176
0.298862
-0.772246
0.294815
-0.775119
0.29105
-0.777801
0.28756
-0.780297
0.284337
-0.782613
0.281374
-0.784753
0.278662
-0.786723
0.276194
-0.788528
0.273963
-0.790172
0.271961
-0.791662
0.27018
-0.793002
0.268613
-0.794198
0.267251
-0.795254
0.266088
-0.796176
0.265116
-0.796968
0.264327
-0.797637
0.263713
-0.798188
0.263267
-0.798624
0.262982
-0.798952
0.262849
-0.799177
0.262861
-0.799304
0.26301
-0.799338
0.263289
-0.799284
0.26369
-0.799148
0.264205
-0.798934
0.264828
-0.798648
0.265549
-0.798295
0.266362
-0.797879
0.267259
-0.797407
0.268232
-0.796884
0.269274
-0.796314
0.270377
-0.795702
0.271534
-0.795055
0.272736
-0.794376
0.273976
-0.793672
0.275247
-0.792947
0.276541
-0.792207
0.27785
-0.791456
0.279166
-0.7907
0.280483
-0.789944
0.281792
-0.789193
0.283085
-0.788453
0.284356
-0.787728
0.285597
-0.787024
0.286799
-0.786345
0.287955
-0.785698
0.289058
-0.785086
0.2901
-0.784516
0.291073
-0.783993
0.29197
-0.783521
0.292783
-0.783105
0.293505
-0.782752
0.294127
-0.782466
0.294643
-0.782252
0.295044
-0.782116
0.295323
-0.782062
0.295472
-0.782096
0.295484
-0.782223
0.295351
-0.782448
0.295065
-0.782776
0.294619
-0.783212
0.294006
-0.783763
0.293216
-0.784432
0.292244
-0.785224
0.291081
-0.786146
0.28972
-0.787202
0.288152
-0.788398
0.286371
-0.789738
0.284369
-0.791228
0.282138
-0.792872
0.27967
-0.794677
0.276959
-0.796647
0.273995
-0.798787
0.270772
-0.801103
0.267282
-0.803599
0.263517
-0.806281
0.25947
-0.809154
0.255133
-0.812224
0.250499
-0.815495
0.245559
-0.818972
0.240307
-0.822661
0.234734
-0.826567
0.228833
-0.830694
0.222597
-0.835049
0.216017
-0.839636
0.209086
-0.844461
0.201796
-0.849528
0.19414
-0.854843
0.186111
-0.860412
0.186111
-0.860412
0.178644
-0.86676
0.171516
-0.872902
0.164722
-0.878842
0.158253
-0.884584
0.152104
-0.890132
0.146266
-0.89549
0.140733
-0.900664
0.135499
-0.905656
0.130556
-0.910471
0.125897
-0.915113
0.121515
-0.919587
0.117404
-0.923897
0.113557
-0.928047
0.109966
-0.932041
0.106624
-0.935883
0.103525
-0.939578
0.100662
-0.943129
0.0980281
-0.946542
0.0956157
-0.94982
0.0934183
-0.952967
0.091429
-0.955988
0.0896407
-0.958886
0.0880465
-0.961667
0.0866396
-0.964334
0.0854129
-0.966891
0.0843596
-0.969344
0.0834727
-0.971695
0.0827452
-0.973949
0.0821703
-0.97611
0.0817411
-0.978183
0.0814504
-0.980172
0.0812916
-0.982081
0.0812575
-0.983914
0.0813413
-0.985675
0.0815361
-0.987369
0.0818349
-0.989
0.0822307
-0.990572
0.0827167
-0.992089
0.0832859
-0.993556
0.0839313
-0.994976
0.0846461
-0.996354
0.0854233
-0.997694
0.086256
-0.999
0.0871372
-1.00028
0.08806
-1.00153
0.0890175
-1.00276
0.0900027
-1.00397
0.0910087
-1.00517
0.0920286
-1.00637
0.0930554
-1.00756
0.0940822
-1.00874
0.0951021
-1.00994
0.0961081
-1.01114
0.0970933
-1.01235
0.0980508
-1.01358
0.0989736
-1.01483
0.0998548
-1.01611
0.100687
-1.01742
0.101465
-1.01876
0.102179
-1.02014
0.102825
-1.02156
0.103394
-1.02302
0.10388
-1.02454
0.104276
-1.02611
0.104575
-1.02774
0.104769
-1.02944
0.104853
-1.0312
0.104819
-1.03303
0.10466
-1.03494
0.10437
-1.03693
0.10394
-1.039
0.103366
-1.04116
0.102638
-1.04342
0.101751
-1.04577
0.100698
-1.04822
0.0994712
-1.05078
0.0980643
-1.05345
0.0964701
-1.05623
0.0946818
-1.05912
0.0926925
-1.06215
0.0904951
-1.06529
0.0880827
-1.06857
0.0854485
-1.07198
0.0825855
-1.07553
0.0794867
-1.07923
0.0761452
-1.08307
0.0725541
-1.08707
0.0687065
-1.09121
0.0645953
-1.09552
0.0602138
-1.1
0.0555549
-1.10464
0.0506117
-1.10946
0.0453773
-1.11445
0.0398448
-1.11962
0.0340072
-1.12498
0.0278575
-1.13053
0.0213889
-1.13627
0.0145944
-1.14221
0.00746708
-1.14835
-5.08877e-16
-1.1547
0
-1.1547
-0.000200975
-1.14491
-0.000502563
-1.13554
-0.000902713
-1.12657
-0.00139937
-1.118
-0.00199048
-1.10982
-0.00267399
-1.10202
-0.00344785
-1.0946
-0.00431001
-1.08753
-0.0052584
-1.08083
-0.00629098
-1.07447
-0.0074057
-1.06845
-0.00860049
-1.06276
-0.00987332
-1.05739
-0.0112221
-1.05233
-0.0126448
-1.04758
-0.0141394
-1.04313
-0.0157038
-1.03896
-0.017336
-1.03507
-0.0190338
-1.03146
-0.0207954
-1.02811
-0.0226185
-1.02501
-0.0245012
-1.02215
-0.0264413
-1.01953
-0.0284369
-1.01715
-0.0304859
-1.01498
-0.0325862
-1.01302
-0.0347358
-1.01127
-0.0369327
-1.00971
-0.0391747
-1.00834
-0.0414598
-1.00714
-0.043786
-1.00612
-0.0461512
-1.00525
-0.0485534
-1.00454
-0.0509904
-1.00397
-0.0534604
-1.00354
-0.0559611
-1.00324
-0.0584906
-1.00305
-0.0610467
-1.00297
-0.0636275
-1.003
-0.0662309
-1.00312
-0.0688548
-1.00332
-0.0714973
-1.0036
-0.0741561
-1.00394
-0.0768293
-1.00435
-0.0795148
-1.00481
-0.0822106
-1.00531
-0.0849146
-1.00584
-0.0876248
-1.0064
-0.0903391
-1.00697
-0.0930554
-1.00756
-0.0957717
-1.00814
-0.098486
-1.00871
-0.101196
-1.00927
-0.1039
-1.00981
-0.106596
-1.01031
-0.109282
-1.01076
-0.111955
-1.01117
-0.114614
-1.01151
-0.117256
-1.01179
-0.11988
-1.012
-0.122483
-1.01211
-0.125064
-1.01214
-0.12762
-1.01206
-0.13015
-1.01188
-0.13265
-1.01157
-0.13512
-1.01114
-0.137557
-1.01057
-0.13996
-1.00986
-0.142325
-1.00899
-0.144651
-1.00797
-0.146936
-1.00677
-0.149178
-1.0054
-0.151375
-1.00384
-0.153525
-1.00209
-0.155625
-1.00013
-0.157674
-0.997965
-0.159669
-0.995577
-0.16161
-0.99296
-0.163492
-0.990106
-0.165315
-0.987007
-0.167077
-0.983653
-0.168775
-0.980037
-0.170407
-0.97615
-0.171971
-0.971984
-0.173466
-0.96753
-0.174889
-0.962779
-0.176237
-0.957723
-0.17751
-0.952355
-0.178705
-0.946664
-0.17982
-0.940643
-0.180852
-0.934284
-0.181801
-0.927578
-0.182663
-0.920515
-0.183437
-0.913089
-0.18412
-0.90529
-0.184711
-0.89711
-0.185208
-0.888541
-0.185608
-0.879574
-0.18591
-0.8702
-0.186111
-0.860412
-0.186111
-0.860412
-0.194112
-0.854803
-0.201741
-0.84945
-0.209006
-0.844347
-0.215914
-0.839489
-0.222472
-0.834871
-0.228689
-0.830487
-0.234571
-0.826333
-0.240127
-0.822403
-0.245364
-0.818691
-0.25029
-0.815194
-0.254911
-0.811905
-0.259237
-0.808819
-0.263274
-0.805932
-0.26703
-0.803237
-0.270512
-0.80073
-0.273729
-0.798405
-0.276688
-0.796258
-0.279395
-0.794282
-0.28186
-0.792474
-0.28409
-0.790827
-0.286091
-0.789336
-0.287873
-0.787996
-0.289441
-0.786803
-0.290805
-0.78575
-0.291971
-0.784833
-0.292948
-0.784046
-0.293742
-0.783384
-0.294361
-0.782842
-0.294813
-0.782415
-0.295106
-0.782097
-0.295247
-0.781883
-0.295244
-0.781769
-0.295104
-0.781748
-0.294835
-0.781816
-0.294444
-0.781967
-0.293939
-0.782197
-0.293328
-0.782499
-0.292619
-0.782869
-0.291818
-0.783302
-0.290934
-0.783792
-0.289973
-0.784334
-0.288945
-0.784924
-0.287855
-0.785554
-0.286713
-0.786222
-0.285525
-0.78692
-0.284298
-0.787645
-0.283042
-0.78839
-0.281763
-0.789152
-0.280468
-0.789923
-0.279166
-0.7907
-0.277864
-0.791477
-0.27657
-0.792248
-0.27529
-0.79301
-0.274034
-0.793755
-0.272808
-0.79448
-0.27162
-0.795178
-0.270477
-0.795846
-0.269388
-0.796476
-0.268359
-0.797066
-0.267399
-0.797608
-0.266515
-0.798098
-0.265714
-0.798531
-0.265004
-0.798901
-0.264393
-0.799203
-0.263889
-0.799433
-0.263498
-0.799584
-0.263229
-0.799652
-0.263089
-0.799631
-0.263085
-0.799517
-0.263226
-0.799303
-0.263519
-0.798985
-0.263971
-0.798558
-0.264591
-0.798016
-0.265385
-0.797354
-0.266361
-0.796567
-0.267527
-0.79565
-0.268891
-0.794597
-0.27046
-0.793404
-0.272241
-0.792064
-0.274243
-0.790573
-0.276472
-0.788926
-0.278937
-0.787118
-0.281645
-0.785142
-0.284603
-0.782995
-0.28782
-0.78067
-0.291303
-0.778163
-0.295059
-0.775468
-0.299096
-0.772581
-0.303421
-0.769495
-0.308043
-0.766206
-0.312968
-0.762709
-0.318205
-0.758997
-0.323761
-0.755067
-0.329644
-0.750913
-0.33586
-0.746529
-0.342419
-0.741911
-0.349326
-0.737053
-0.356591
-0.73195
-0.36422
-0.726597
-0.372222
-0.720988
-0.372222
-0.720988
-0.381286
-0.71735
-0.389914
-0.713856
-0.398115
-0.710503
-0.405896
-0.707289
-0.413268
-0.704209
-0.420239
-0.701262
-0.426817
-0.698444
-0.433013
-0.695753
-0.438835
-0.693185
-0.444291
-0.690738
-0.449391
-0.688408
-0.454143
-0.686193
-0.458557
-0.68409
-0.462641
-0.682096
-0.466404
-0.680207
-0.469855
-0.678422
-0.473004
-0.676736
-0.475859
-0.675147
-0.478428
-0.673653
-0.480721
-0.67225
-0.482747
-0.670934
-0.484515
-0.669705
-0.486033
-0.668557
-0.48731
-0.667489
-0.488356
-0.666497
-0.489179
-0.665579
-0.489789
-0.664732
-0.490193
-0.663952
-0.490401
-0.663236
-0.490423
-0.662583
-0.490266
-0.661988
-0.489939
-0.66145
-0.489453
-0.660964
-0.488815
-0.660528
-0.488034
-0.660139
-0.48712
-0.659794
-0.486081
-0.659491
-0.484926
-0.659225
-0.483664
-0.658995
-0.482305
-0.658798
-0.480856
-0.658629
-0.479327
-0.658488
-0.477726
-0.658369
-0.476064
-0.658272
-0.474348
-0.658192
-0.472587
-0.658126
-0.470791
-0.658073
-0.468968
-0.658028
-0.467127
-0.657989
-0.465277
-0.657953
-0.463427
-0.657917
-0.461586
-0.657878
-0.459763
-0.657833
-0.457967
-0.65778
-0.456206
-0.657715
-0.45449
-0.657634
-0.452828
-0.657537
-0.451227
-0.657418
-0.449698
-0.657277
-0.448249
-0.657108
-0.44689
-0.656911
-0.445628
-0.656681
-0.444473
-0.656415
-0.443434
-0.656112
-0.44252
-0.655767
-0.441739
-0.655378
-0.441101
-0.654942
-0.440615
-0.654457
-0.440288
-0.653918
-0.440131
-0.653323
-0.440153
-0.65267
-0.440361
-0.651954
-0.440765
-0.651174
-0.441375
-0.650327
-0.442198
-0.649409
-0.443244
-0.648417
-0.444521
-0.647349
-0.446039
-0.646202
-0.447807
-0.644972
-0.449833
-0.643657
-0.452126
-0.642253
-0.454695
-0.640759
-0.45755
-0.63917
-0.460699
-0.637485
-0.46415
-0.635699
-0.467913
-0.63381
-0.471997
-0.631816
-0.476411
-0.629713
-0.481163
-0.627498
-0.486263
-0.625168
-0.491719
-0.622721
-0.497541
-0.620153
-0.503737
-0.617462
-0.510315
-0.614644
-0.517286
-0.611697
-0.524658
-0.608618
-0.532439
-0.605403
-0.54064
-0.60205
-0.549268
-0.598556
-0.558332
-0.594918
-0.558332
-0.594918
-0.567865
-0.592803
-0.576933
-0.59074
-0.585545
-0.588726
-0.593711
-0.586762
-0.601441
-0.584844
-0.608744
-0.582974
-0.61563
-0.581149
-0.622107
-0.579369
-0.628186
-0.577633
-0.633875
-0.575939
-0.639186
-0.574286
-0.644126
-0.572674
-0.648706
-0.571102
-0.652934
-0.569568
-0.656821
-0.568071
-0.660376
-0.56661
-0.663608
-0.565185
-0.666527
-0.563794
-0.669143
-0.562437
-0.671464
-0.561111
-0.673501
-0.559817
-0.675262
-0.558552
-0.676758
-0.557317
-0.677997
-0.55611
-0.67899
-0.55493
-0.679746
-0.553775
-0.680274
-0.552646
-0.680584
-0.55154
-0.680685
-0.550458
-0.680586
-0.549397
-0.680298
-0.548357
-0.67983
-0.547336
-0.679191
-0.546335
-0.67839
-0.54535
-0.677438
-0.544383
-0.676343
-0.543431
-0.675116
-0.542494
-0.673765
-0.54157
-0.6723
-0.540658
-0.670731
-0.539758
-0.669067
-0.538869
-0.667318
-0.537988
-0.665493
-0.537116
-0.663601
-0.536251
-0.661653
-0.535393
-0.659657
-0.53454
-0.657623
-0.53369
-0.65556
-0.532844
-0.653479
-0.532
-0.651388
-0.531157
-0.649297
-0.530314
-0.647215
-0.52947
-0.645153
-0.528624
-0.643119
-0.527775
-0.641123
-0.526922
-0.639174
-0.526063
-0.637283
-0.525198
-0.635458
-0.524326
-0.633708
-0.523446
-0.632044
-0.522556
-0.630475
-0.521656
-0.629011
-0.520745
-0.62766
-0.519821
-0.626432
-0.518884
-0.625338
-0.517932
-0.624385
-0.516964
-0.623585
-0.51598
-0.622946
-0.514978
-0.622477
-0.513958
-0.622189
-0.512918
-0.622091
-0.511857
-0.622192
-0.510774
-0.622502
-0.509669
-0.62303
-0.508539
-0.623785
-0.507385
-0.624778
-0.506205
-0.626018
-0.504997
-0.627514
-0.503762
-0.629275
-0.502498
-0.631312
-0.501204
-0.633633
-0.499878
-0.636249
-0.49852
-0.639168
-0.497129
-0.6424
-0.495704
-0.645955
-0.494244
-0.649842
-0.492747
-0.65407
-0.491213
-0.65865
-0.48964
-0.66359
-0.488028
-0.6689
-0.486376
-0.67459
-0.484682
-0.680669
-0.482945
-0.687146
-0.481165
-0.694031
-0.479341
-0.701334
-0.47747
-0.709064
-0.475553
-0.71723
-0.473588
-0.725843
-0.471575
-0.734911
-0.469511
-0.744443
-0.467397
-0.744443
-0.467397
-0.754178
-0.466689
-0.763435
-0.46594
-0.772225
-0.465153
-0.780557
-0.464327
-0.788441
-0.463464
-0.795887
-0.462565
-0.802905
-0.461629
-0.809503
-0.460659
-0.815693
-0.459654
-0.821484
-0.458617
-0.826885
-0.457546
-0.831906
-0.456444
-0.836557
-0.455311
-0.840848
-0.454148
-0.844788
-0.452956
-0.848387
-0.451735
-0.851655
-0.450486
-0.854602
-0.449211
-0.857238
-0.44791
-0.859571
-0.446583
-0.861612
-0.445232
-0.863371
-0.443858
-0.864857
-0.44246
-0.866081
-0.441041
-0.867051
-0.4396
-0.867777
-0.43814
-0.86827
-0.436659
-0.868539
-0.43516
-0.868594
-0.433644
-0.868444
-0.43211
-0.868099
-0.430559
-0.86757
-0.428994
-0.866865
-0.427413
-0.865994
-0.425819
-0.864968
-0.424212
-0.863796
-0.422593
-0.862487
-0.420962
-0.861052
-0.419321
-0.8595
-0.41767
-0.85784
-0.41601
-0.856084
-0.414341
-0.854239
-0.412666
-0.852317
-0.410984
-0.850327
-0.409296
-0.848278
-0.407604
-0.846181
-0.405907
-0.844044
-0.404207
-0.841879
-0.402505
-0.839693
-0.400801
-0.837499
-0.399096
-0.835304
-0.397391
-0.833119
-0.395688
-0.830953
-0.393985
-0.828817
-0.392285
-0.826719
-0.390589
-0.82467
-0.388896
-0.82268
-0.387208
-0.820758
-0.385526
-0.818913
-0.383851
-0.817157
-0.382183
-0.815498
-0.380523
-0.813945
-0.378872
-0.81251
-0.37723
-0.811202
-0.3756
-0.810029
-0.37398
-0.809003
-0.372373
-0.808132
-0.370779
-0.807428
-0.369199
-0.806898
-0.367633
-0.806553
-0.366083
-0.806403
-0.364549
-0.806458
-0.363032
-0.806727
-0.361533
-0.80722
-0.360053
-0.807947
-0.358592
-0.808917
-0.357151
-0.81014
-0.355732
-0.811626
-0.354335
-0.813385
-0.35296
-0.815426
-0.351609
-0.81776
-0.350283
-0.820395
-0.348981
-0.823342
-0.347706
-0.82661
-0.346458
-0.830209
-0.345237
-0.83415
-0.344044
-0.83844
-0.342881
-0.843092
-0.341748
-0.848113
-0.340646
-0.853514
-0.339576
-0.859304
-0.338538
-0.865494
-0.337533
-0.872093
-0.336563
-0.87911
-0.335628
-0.886556
-0.334728
-0.89444
-0.333865
-0.902772
-0.33304
-0.911562
-0.332252
-0.92082
-0.331504
-0.930554
-0.330795
-0.930554
-0.330795
-0.940281
-0.329985
-0.949532
-0.329131
-0.958315
-0.328234
-0.966641
-0.327296
-0.97452
-0.326317
-0.981961
-0.325299
-0.988974
-0.324241
-0.995568
-0.323146
-1.00175
-0.322013
-1.00754
-0.320844
-1.01294
-0.31964
-1.01796
-0.318401
-1.02261
-0.317129
-1.02689
-0.315823
-1.03083
-0.314486
-1.03443
-0.313118
-1.0377
-0.31172
-1.04064
-0.310293
-1.04328
-0.308837
-1.04561
-0.307354
-1.04765
-0.305845
-1.04941
-0.30431
-1.0509
-0.30275
-1.05212
-0.301166
-1.05309
-0.299559
-1.05382
-0.29793
-1.05431
-0.29628
-1.05458
-0.294609
-1.05464
-0.292919
-1.05449
-0.291211
-1.05415
-0.289485
-1.05362
-0.287741
-1.05292
-0.285982
-1.05205
-0.284208
-1.05103
-0.28242
-1.04986
-0.280619
-1.04855
-0.278805
-1.04712
-0.27698
-1.04557
-0.275144
-1.04392
-0.273298
-1.04216
-0.271443
-1.04032
-0.269581
-1.0384
-0.267711
-1.03642
-0.265835
-1.03437
-0.263954
-1.03228
-0.262069
-1.03014
-0.26018
-1.02798
-0.258288
-1.0258
-0.256395
-1.02361
-0.2545
-1.02142
-0.252606
-1.01924
-0.250713
-1.01707
-0.248821
-1.01494
-0.246932
-1.01285
-0.245046
-1.0108
-0.243165
-1.00882
-0.241289
-1.0069
-0.23942
-1.00506
-0.237557
-1.0033
-0.235703
-1.00165
-0.233857
-1.0001
-0.232021
-0.998666
-0.230196
-0.99736
-0.228382
-0.996191
-0.22658
-0.995167
-0.224792
-0.994299
-0.223018
-0.993597
-0.221259
-0.993069
-0.219516
-0.992727
-0.21779
-0.992579
-0.216081
-0.992635
-0.214391
-0.992905
-0.212721
-0.993399
-0.211071
-0.994127
-0.209442
-0.995098
-0.207835
-0.996322
-0.206251
-0.997808
-0.204691
-0.999567
-0.203156
-1.00161
-0.201646
-1.00394
-0.200163
-1.00658
-0.198708
-1.00952
-0.19728
-1.01279
-0.195882
-1.01639
-0.194514
-1.02032
-0.193177
-1.02461
-0.191872
-1.02926
-0.1906
-1.03428
-0.189361
-1.03968
-0.188157
-1.04546
-0.186988
-1.05165
-0.185855
-1.05825
-0.184759
-1.06526
-0.183702
-1.0727
-0.182683
-1.08058
-0.181705
-1.0889
-0.180766
-1.09769
-0.17987
-1.10694
-0.179016
-1.11666
-0.178205
-1.11666
-0.178205
-1.12614
-0.175827
-1.13515
-0.173486
-1.14371
-0.171179
-1.15183
-0.168907
-1.15952
-0.166669
-1.16678
-0.164465
-1.17363
-0.162292
-1.18007
-0.160152
-1.18612
-0.158042
-1.19178
-0.155963
-1.19706
-0.153913
-1.20198
-0.151891
-1.20654
-0.149898
-1.21075
-0.147932
-1.21462
-0.145993
-1.21816
-0.144079
-1.22138
-0.142191
-1.2243
-0.140327
-1.22691
-0.138486
-1.22922
-0.136668
-1.23126
-0.134872
-1.23302
-0.133098
-1.23452
-0.131344
-1.23576
-0.129611
-1.23676
-0.127896
-1.23753
-0.1262
-1.23807
-0.124521
-1.23839
-0.12286
-1.2385
-0.121214
-1.23842
-0.119585
-1.23815
-0.117969
-1.23769
-0.116368
-1.23707
-0.11478
-1.23629
-0.113205
-1.23536
-0.111642
-1.23429
-0.110089
-1.23309
-0.108547
-1.23176
-0.107014
-1.23032
-0.105491
-1.22878
-0.103975
-1.22714
-0.102467
-1.22542
-0.100965
-1.22362
-0.0994695
-1.22176
-0.097979
-1.21984
-0.0964928
-1.21787
-0.0950104
-1.21587
-0.0935309
-1.21383
-0.0920536
-1.21178
-0.0905777
-1.20972
-0.0891027
-1.20766
-0.0876276
-1.20561
-0.0861517
-1.20357
-0.0846745
-1.20157
-0.0831949
-1.1996
-0.0817125
-1.19768
-0.0802264
-1.19582
-0.0787358
-1.19402
-0.0772401
-1.1923
-0.0757385
-1.19066
-0.0742302
-1.18912
-0.0727146
-1.18768
-0.0711909
-1.18635
-0.0696583
-1.18515
-0.0681161
-1.18408
-0.0665637
-1.18315
-0.0650001
-1.18237
-0.0634248
-1.18175
-0.061837
-1.18129
-0.0602359
-1.18102
-0.0586207
-1.18094
-0.0569909
-1.18105
-0.0553455
-1.18138
-0.053684
-1.18191
-0.0520055
-1.18268
-0.0503093
-1.18368
-0.0485947
-1.18492
-0.0468609
-1.18642
-0.0451072
-1.18818
-0.0433329
-1.19022
-0.0415372
-1.19253
-0.0397194
-1.19514
-0.0378788
-1.19806
-0.0360146
-1.20128
-0.034126
-1.20482
-0.0322124
-1.20869
-0.030273
-1.2129
-0.028307
-1.21746
-0.0263138
-1.22238
-0.0242926
-1.22766
-0.0222427
-1.23332
-0.0201632
-1.23937
-0.0180536
-1.24581
-0.0159129
-1.25266
-0.0137406
-1.25992
-0.0115359
-1.26761
-0.009298
-1.27573
-0.0070262
-1.28429
-0.00471976
-1.2933
-0.00237793
-1.30278
1.59621e-16
-1.30278
0
-1.31158
0.00413883
-1.31988
0.00806747
-1.3277
0.0117902
-1.33505
0.0153113
-1.34193
0.0186351
-1.34835
0.0217659
-1.35433
0.0247079
-1.35987
0.0274655
-1.36498
0.0300429
-1.36968
0.0324444
-1.37398
0.0346744
-1.37788
0.036737
-1.38139
0.0386367
-1.38453
0.0403776
-1.38731
0.0419641
-1.38973
0.0434005
-1.39181
0.044691
-1.39355
0.04584
-1.39497
0.0468516
-1.39607
0.0477304
-1.39687
0.0484804
-1.39738
0.049106
-1.3976
0.0496115
-1.39755
0.0500012
-1.39724
0.0502794
-1.39667
0.0504503
-1.39586
0.0505183
-1.39482
0.0504876
-1.39355
0.0503626
-1.39208
0.0501474
-1.3904
0.0498465
-1.38852
0.0494641
-1.38647
0.0490044
-1.38424
0.0484718
-1.38185
0.0478706
-1.37931
0.0472051
-1.37662
0.0464795
-1.37381
0.0456981
-1.37087
0.0448653
-1.36782
0.0439852
-1.36467
0.0430623
-1.36143
0.0421008
-1.35811
0.0411049
-1.35472
0.0400791
-1.35126
0.0390274
-1.34776
0.0379544
-1.34421
0.0368642
-1.34064
0.0357611
-1.33704
0.0346494
-1.33344
0.0335334
-1.32983
0.0324175
-1.32624
0.0313058
-1.32266
0.0302027
-1.31912
0.0291125
-1.31561
0.0280394
-1.31216
0.0269878
-1.30877
0.0259619
-1.30545
0.0249661
-1.3022
0.0240046
-1.29905
0.0230816
-1.29601
0.0222016
-1.29307
0.0213688
-1.29025
0.0205874
-1.28757
0.0198618
-1.28503
0.0191962
-1.28264
0.018595
-1.28041
0.0180625
-1.27835
0.0176028
-1.27648
0.0172204
-1.2748
0.0169194
-1.27332
0.0167043
-1.27206
0.0165793
-1.27101
0.0165486
-1.2702
0.0166165
-1.26964
0.0167875
-1.26932
0.0170656
-1.26927
0.0174553
-1.2695
0.0179609
-1.27
0.0185865
-1.2708
0.0193365
-1.27191
0.0202152
-1.27333
0.0212269
-1.27507
0.0223759
-1.27715
0.0236664
-1.27957
0.0251028
-1.28234
0.0266893
-1.28548
0.0284302
-1.289
0.0303298
-1.2929
0.0323925
-1.29719
0.0346224
-1.30189
0.037024
-1.30701
0.0396014
-1.31255
0.042359
-1.31853
0.045301
-1.32495
0.0484317
-1.33183
0.0517555
-1.33917
0.0552767
-1.34699
0.0589994
-1.3553
0.062928
-1.3641
0.0670669
-1.3641
0.0670669
-1.37256
0.0718715
-1.38054
0.0764291
-1.38806
0.0807448
-1.39512
0.0848235
-1.40174
0.0886704
-1.40792
0.0922904
-1.41367
0.0956886
-1.419
0.0988701
-1.42393
0.10184
-1.42846
0.104603
-1.4326
0.107164
-1.43636
0.109529
-1.43976
0.111702
-1.44279
0.113689
-1.44548
0.115494
-1.44782
0.117123
-1.44984
0.118581
-1.45153
0.119872
-1.45292
0.121002
-1.454
0.121975
-1.4548
0.122798
-1.45531
0.123474
-1.45555
0.124009
-1.45552
0.124408
-1.45525
0.124675
-1.45473
0.124817
-1.45398
0.124838
-1.45301
0.124743
-1.45182
0.124537
-1.45043
0.124225
-1.44885
0.123812
-1.44708
0.123304
-1.44513
0.122705
-1.44302
0.12202
-1.44076
0.121254
-1.43835
0.120413
-1.4358
0.119501
-1.43313
0.118524
-1.43034
0.117486
-1.42745
0.116393
-1.42446
0.115249
-1.42138
0.11406
-1.41822
0.112831
-1.415
0.111566
-1.41171
0.110272
-1.40838
0.108952
-1.40501
0.107611
-1.40161
0.106256
-1.39819
0.104891
-1.39476
0.10352
-1.39133
0.10215
-1.38792
0.100784
-1.38452
0.0994288
-1.38115
0.0980886
-1.37781
0.0967685
-1.37453
0.0954737
-1.37131
0.0942091
-1.36815
0.0929798
-1.36507
0.0917908
-1.36208
0.0906471
-1.35918
0.0895539
-1.35639
0.0885161
-1.35372
0.0875389
-1.35118
0.0866271
-1.34877
0.0857859
-1.3465
0.0850204
-1.34439
0.0843355
-1.34245
0.0837363
-1.34068
0.0832278
-1.3391
0.0828151
-1.33771
0.0825032
-1.33652
0.0822972
-1.33554
0.0822021
-1.33479
0.0822229
-1.33428
0.0823647
-1.334
0.0826325
-1.33398
0.0830314
-1.33422
0.0835664
-1.33473
0.0842425
-1.33552
0.0850648
-1.33661
0.0860384
-1.33799
0.0871682
-1.33969
0.0884593
-1.3417
0.0899168
-1.34405
0.0915457
-1.34673
0.0933509
-1.34977
0.0953377
-1.35316
0.097511
-1.35692
0.0998758
-1.36107
0.102437
-1.36559
0.1052
-1.37052
0.10817
-1.37586
0.111352
-1.38161
0.11475
-1.38779
0.11837
-1.3944
0.122217
-1.40146
0.126295
-1.40898
0.130611
-1.41697
0.135169
-1.42543
0.139973
-1.42543
0.139973
-1.43344
0.145489
-1.44101
0.150719
-1.44814
0.155669
-1.45484
0.160346
-1.46111
0.164754
-1.46698
0.168901
-1.47244
0.172791
-1.47751
0.17643
-1.48219
0.179825
-1.4865
0.182981
-1.49044
0.185904
-1.49403
0.1886
-1.49726
0.191074
-1.50016
0.193333
-1.50273
0.195382
-1.50498
0.197227
-1.50691
0.198874
-1.50855
0.200329
-1.50989
0.201598
-1.51095
0.202685
-1.51173
0.203598
-1.51224
0.204343
-1.51251
0.204923
-1.51252
0.205347
-1.51229
0.205619
-1.51184
0.205746
-1.51117
0.205732
-1.51028
0.205585
-1.5092
0.20531
-1.50792
0.204912
-1.50646
0.204398
-1.50483
0.203772
-1.50303
0.203043
-1.50107
0.202214
-1.49897
0.201291
-1.49673
0.200282
-1.49436
0.199191
-1.49188
0.198024
-1.48928
0.196787
-1.48658
0.195486
-1.48379
0.194127
-1.48092
0.192716
-1.47798
0.191258
-1.47497
0.189759
-1.47191
0.188225
-1.4688
0.186662
-1.46565
0.185075
-1.46248
0.183472
-1.45929
0.181856
-1.45609
0.180235
-1.45289
0.178614
-1.4497
0.176998
-1.44652
0.175394
-1.44338
0.173808
-1.44027
0.172245
-1.43721
0.170711
-1.4342
0.169212
-1.43125
0.167754
-1.42838
0.166343
-1.42559
0.164984
-1.4229
0.163683
-1.4203
0.162446
-1.41781
0.161279
-1.41545
0.160188
-1.41321
0.159178
-1.41111
0.158256
-1.40915
0.157427
-1.40735
0.156697
-1.40572
0.156072
-1.40426
0.155558
-1.40298
0.15516
-1.40189
0.154885
-1.40101
0.154737
-1.40034
0.154724
-1.39988
0.154851
-1.39966
0.155123
-1.39967
0.155546
-1.39993
0.156127
-1.40045
0.156871
-1.40123
0.157784
-1.40229
0.158872
-1.40363
0.160141
-1.40526
0.161596
-1.4072
0.163243
-1.40945
0.165088
-1.41202
0.167137
-1.41491
0.169396
-1.41815
0.17187
-1.42174
0.174566
-1.42568
0.177489
-1.42999
0.180645
-1.43467
0.18404
-1.43974
0.187679
-1.4452
0.191569
-1.45106
0.195716
-1.45734
0.200124
-1.46404
0.204801
-1.47117
0.209751
-1.47873
0.214981
-1.48675
0.220497
-1.48675
0.220497
-1.49419
0.226773
-1.50122
0.232724
-1.50784
0.238357
-1.51406
0.243678
-1.5199
0.248693
-1.52535
0.25341
-1.53044
0.257835
-1.53516
0.261975
-1.53952
0.265836
-1.54354
0.269424
-1.54722
0.272748
-1.55058
0.275812
-1.55361
0.278624
-1.55633
0.281191
-1.55875
0.283519
-1.56087
0.285614
-1.5627
0.287484
-1.56425
0.289135
-1.56554
0.290574
-1.56656
0.291806
-1.56733
0.29284
-1.56786
0.293681
-1.56814
0.294337
-1.5682
0.294813
-1.56804
0.295117
-1.56767
0.295255
-1.5671
0.295233
-1.56633
0.295059
-1.56538
0.294739
-1.56425
0.29428
-1.56295
0.293688
-1.56149
0.292969
-1.55988
0.292132
-1.55813
0.291181
-1.55623
0.290124
-1.55422
0.288968
-1.55208
0.287719
-1.54984
0.286384
-1.54749
0.284968
-1.54505
0.28348
-1.54253
0.281926
-1.53993
0.280312
-1.53726
0.278645
-1.53454
0.276931
-1.53176
0.275177
-1.52894
0.273391
-1.52609
0.271577
-1.52321
0.269744
-1.52032
0.267898
-1.51741
0.266045
-1.51451
0.264192
-1.51162
0.262345
-1.50874
0.260512
-1.50588
0.258699
-1.50307
0.256912
-1.50029
0.255159
-1.49756
0.253445
-1.4949
0.251778
-1.4923
0.250163
-1.48977
0.248609
-1.48733
0.247121
-1.48499
0.245706
-1.48274
0.24437
-1.48061
0.243121
-1.47859
0.241965
-1.4767
0.240908
-1.47495
0.239958
-1.47333
0.23912
-1.47188
0.238402
-1.47058
0.23781
-1.46945
0.23735
-1.46849
0.23703
-1.46773
0.236856
-1.46715
0.236835
-1.46678
0.236972
-1.46662
0.237276
-1.46668
0.237752
-1.46697
0.238408
-1.4675
0.239249
-1.46827
0.240283
-1.46929
0.241516
-1.47057
0.242954
-1.47213
0.244605
-1.47396
0.246475
-1.47608
0.248571
-1.4785
0.250898
-1.48122
0.253465
-1.48425
0.256277
-1.4876
0.259342
-1.49128
0.262665
-1.4953
0.266254
-1.49967
0.270115
-1.50439
0.274254
-1.50948
0.278679
-1.51493
0.283396
-1.52077
0.288412
-1.52699
0.293732
-1.53361
0.299365
-1.54064
0.305316
-1.54808
0.311593
-1.54808
0.311593
-1.55475
0.318684
-1.56106
0.32541
-1.567
0.33178
-1.5726
0.337799
-1.57785
0.343476
-1.58276
0.348818
-1.58734
0.353833
-1.5916
0.358527
-1.59555
0.362909
-1.59918
0.366986
-1.60252
0.370765
-1.60557
0.374254
-1.60833
0.37746
-1.61081
0.380391
-1.61303
0.383054
-1.61498
0.385456
-1.61667
0.387605
-1.61812
0.389509
-1.61933
0.391174
-1.62031
0.392609
-1.62106
0.39382
-1.6216
0.394816
-1.62192
0.395603
-1.62204
0.396189
-1.62197
0.396582
-1.62171
0.396788
-1.62127
0.396816
-1.62066
0.396673
-1.61988
0.396366
-1.61895
0.395903
-1.61786
0.395291
-1.61663
0.394537
-1.61527
0.39365
-1.61378
0.392636
-1.61217
0.391503
-1.61045
0.390258
-1.60863
0.388909
-1.6067
0.387463
-1.60469
0.385928
-1.60259
0.384311
-1.60042
0.38262
-1.59818
0.380862
-1.59588
0.379044
-1.59353
0.377174
-1.59113
0.375259
-1.5887
0.373308
-1.58623
0.371326
-1.58375
0.369322
-1.58125
0.367303
-1.57874
0.365277
-1.57623
0.363251
-1.57373
0.361232
-1.57124
0.359228
-1.56878
0.357247
-1.56634
0.355295
-1.56395
0.35338
-1.5616
0.35151
-1.5593
0.349693
-1.55706
0.347934
-1.55489
0.346243
-1.55279
0.344626
-1.55078
0.343091
-1.54885
0.341645
-1.54702
0.340297
-1.5453
0.339052
-1.54369
0.337919
-1.5422
0.336905
-1.54084
0.336017
-1.53962
0.335264
-1.53853
0.334652
-1.5376
0.334188
-1.53682
0.333881
-1.53621
0.333738
-1.53577
0.333766
-1.53551
0.333973
-1.53543
0.334365
-1.53556
0.334952
-1.53588
0.335739
-1.53641
0.336734
-1.53717
0.337946
-1.53814
0.33938
-1.53935
0.341046
-1.5408
0.342949
-1.5425
0.345099
-1.54445
0.347501
-1.54666
0.350163
-1.54915
0.353094
-1.55191
0.3563
-1.55495
0.359789
-1.55829
0.363568
-1.56193
0.367645
-1.56587
0.372027
-1.57013
0.376722
-1.57472
0.381736
-1.57963
0.387078
-1.58488
0.392755
-1.59047
0.398775
-1.59642
0.405144
-1.60273
0.411871
-1.6094
0.418962
-1.6094
0.418962
-1.61502
0.426923
-1.62034
0.434485
-1.62536
0.441657
-1.63009
0.448446
-1.63454
0.454861
-1.6387
0.46091
-1.6426
0.4666
-1.64623
0.471941
-1.64959
0.47694
-1.65271
0.481606
-1.65557
0.485946
-1.6582
0.489968
-1.66058
0.493682
-1.66274
0.497094
-1.66468
0.500213
-1.6664
0.503048
-1.66791
0.505606
-1.66921
0.507895
-1.67032
0.509924
-1.67123
0.511701
-1.67196
0.513234
-1.67251
0.51453
-1.67288
0.515599
-1.67309
0.516448
-1.67313
0.517086
-1.67303
0.51752
-1.67277
0.517759
-1.67237
0.51781
-1.67183
0.517683
-1.67117
0.517385
-1.67038
0.516924
-1.66947
0.516308
-1.66845
0.515546
-1.66733
0.514646
-1.6661
0.513615
-1.66478
0.512462
-1.66338
0.511196
-1.6619
0.509823
-1.66034
0.508353
-1.65871
0.506794
-1.65702
0.505153
-1.65528
0.503439
-1.65349
0.50166
-1.65165
0.499824
-1.64978
0.497939
-1.64787
0.496013
-1.64594
0.494055
-1.64399
0.492072
-1.64203
0.490073
-1.64006
0.488066
-1.6381
0.486059
-1.63614
0.48406
-1.63419
0.482077
-1.63226
0.480119
-1.63035
0.478194
-1.62848
0.476309
-1.62664
0.474472
-1.62485
0.472693
-1.6231
0.470979
-1.62141
0.469338
-1.61979
0.467779
-1.61823
0.466309
-1.61675
0.464936
-1.61534
0.46367
-1.61403
0.462517
-1.6128
0.461486
-1.61168
0.460586
-1.61066
0.459824
-1.60975
0.459208
-1.60896
0.458747
-1.60829
0.458449
-1.60776
0.458322
-1.60736
0.458373
-1.6071
0.458612
-1.60699
0.459046
-1.60704
0.459684
-1.60725
0.460533
-1.60762
0.461602
-1.60817
0.462898
-1.6089
0.464431
-1.60981
0.466208
-1.61092
0.468237
-1.61222
0.470526
-1.61373
0.473084
-1.61545
0.475919
-1.61738
0.479038
-1.61954
0.48245
-1.62193
0.486164
-1.62456
0.490186
-1.62742
0.494526
-1.63053
0.499192
-1.6339
0.504191
-1.63753
0.509532
-1.64142
0.515222
-1.64559
0.521271
-1.65003
0.527686
-1.65476
0.534475
-1.65978
0.541647
-1.6651
0.549209
-1.67073
0.55717
-1.67073
0.55717
-1.67479
0.566085
-1.67864
0.574653
-1.68229
0.582881
-1.68574
0.590778
-1.68899
0.59835
-1.69205
0.605604
-1.69492
0.612547
-1.69761
0.619186
-1.70012
0.625529
-1.70246
0.631581
-1.70462
0.637352
-1.70662
0.642846
-1.70846
0.648073
-1.71013
0.653037
-1.71166
0.657748
-1.71303
0.662211
-1.71426
0.666434
-1.71535
0.670424
-1.7163
0.674188
-1.71712
0.677733
-1.71782
0.681065
-1.71839
0.684193
-1.71883
0.687123
-1.71917
0.689863
-1.71939
0.692419
-1.71951
0.694798
-1.71952
0.697007
-1.71944
0.699054
-1.71926
0.700946
-1.71899
0.702689
-1.71864
0.704291
-1.7182
0.705758
-1.71769
0.707099
-1.71711
0.708319
-1.71646
0.709427
-1.71574
0.710428
-1.71497
0.711331
-1.71413
0.712141
-1.71325
0.712867
-1.71232
0.713515
-1.71135
0.714093
-1.71034
0.714607
-1.7093
0.715064
-1.70822
0.715472
-1.70712
0.715837
-1.706
0.716168
-1.70486
0.71647
-1.70371
0.71675
-1.70255
0.717017
-1.70139
0.717277
-1.70022
0.717536
-1.69906
0.717803
-1.69791
0.718083
-1.69678
0.718385
-1.69565
0.718716
-1.69455
0.719081
-1.69348
0.719489
-1.69244
0.719947
-1.69143
0.72046
-1.69045
0.721038
-1.68952
0.721686
-1.68864
0.722412
-1.68781
0.723223
-1.68704
0.724125
-1.68632
0.725126
-1.68567
0.726234
-1.68508
0.727454
-1.68457
0.728795
-1.68414
0.730262
-1.68379
0.731864
-1.68352
0.733607
-1.68334
0.735499
-1.68326
0.737546
-1.68327
0.739755
-1.68339
0.742135
-1.68361
0.74469
-1.68394
0.74743
-1.68439
0.75036
-1.68496
0.753488
-1.68565
0.75682
-1.68647
0.760365
-1.68742
0.764129
-1.68851
0.768119
-1.68974
0.772342
-1.69112
0.776805
-1.69264
0.781516
-1.69432
0.78648
-1.69616
0.791707
-1.69815
0.797201
-1.70032
0.802972
-1.70265
0.809024
-1.70516
0.815367
-1.70785
0.822006
-1.71072
0.828949
-1.71378
0.836203
-1.71704
0.843775
-1.72049
0.851672
-1.72413
0.859901
-1.72799
0.868469
-1.73205
0.877383
-1.73205
0.877383
-1.73198
0.887243
-1.73176
0.896826
-1.7314
0.906138
-1.73089
0.915185
-1.73026
0.923973
-1.72949
0.932506
-1.72858
0.940792
-1.72755
0.948834
-1.7264
0.95664
-1.72512
0.964214
-1.72373
0.971562
-1.72222
0.97869
-1.72059
0.985604
-1.71886
0.992309
-1.71702
0.998811
-1.71507
1.00511
-1.71303
1.01123
-1.71089
1.01715
-1.70865
1.0229
-1.70632
1.02847
-1.7039
1.03387
-1.70139
1.03911
-1.6988
1.04419
-1.69614
1.04911
-1.69339
1.05389
-1.69057
1.05853
-1.68768
1.06304
-1.68472
1.06741
-1.68169
1.07166
-1.6786
1.07579
-1.67546
1.07981
-1.67225
1.08372
-1.669
1.08753
-1.66569
1.09125
-1.66234
1.09487
-1.65894
1.09841
-1.6555
1.10187
-1.65202
1.10525
-1.6485
1.10857
-1.64495
1.11183
-1.64138
1.11503
-1.63777
1.11818
-1.63414
1.12128
-1.6305
1.12435
-1.62683
1.12738
-1.62315
1.13038
-1.61945
1.13336
-1.61575
1.13632
-1.61204
1.13928
-1.60833
1.14222
-1.60462
1.14517
-1.60091
1.14812
-1.59721
1.15108
-1.59352
1.15406
-1.58984
1.15706
-1.58617
1.1601
-1.58252
1.16316
-1.57889
1.16626
-1.57529
1.16941
-1.57171
1.17261
-1.56816
1.17587
-1.56465
1.17919
-1.56117
1.18258
-1.55773
1.18603
-1.55433
1.18957
-1.55098
1.1932
-1.54767
1.19691
-1.54441
1.20072
-1.54121
1.20463
-1.53806
1.20865
-1.53497
1.21278
-1.53195
1.21703
-1.52899
1.22141
-1.5261
1.22591
-1.52328
1.23055
-1.52053
1.23533
-1.51786
1.24026
-1.51527
1.24534
-1.51277
1.25057
-1.51035
1.25597
-1.50802
1.26154
-1.50578
1.26729
-1.50364
1.27322
-1.50159
1.27933
-1.49965
1.28563
-1.49781
1.29213
-1.49607
1.29884
-1.49445
1.30575
-1.49294
1.31288
-1.49154
1.32023
-1.49027
1.3278
-1.48911
1.33561
-1.48808
1.34365
-1.48718
1.35194
-1.48641
1.36047
-1.48577
1.36926
-1.48527
1.3783
-1.48491
1.38762
-1.48469
1.3972
-1.48461
1.40706
-1.48461
1.40706
-1.48454
1.4168
-1.48432
1.42605
-1.48396
1.43479
-1.48346
1.44305
-1.48282
1.45084
-1.48205
1.45817
-1.48115
1.46504
-1.48012
1.47148
-1.47896
1.47748
-1.47769
1.48305
-1.47629
1.48822
-1.47478
1.49298
-1.47316
1.49736
-1.47142
1.50135
-1.46958
1.50497
-1.46764
1.50823
-1.46559
1.51115
-1.46345
1.51372
-1.46121
1.51596
-1.45888
1.51789
-1.45646
1.51951
-1.45396
1.52082
-1.45137
1.52185
-1.4487
1.5226
-1.44595
1.52309
-1.44313
1.52332
-1.44024
1.5233
-1.43728
1.52304
-1.43426
1.52256
-1.43117
1.52186
-1.42802
1.52095
-1.42482
1.51985
-1.42156
1.51857
-1.41825
1.51711
-1.4149
1.51548
-1.4115
1.5137
-1.40806
1.51178
-1.40458
1.50972
-1.40107
1.50754
-1.39752
1.50525
-1.39394
1.50285
-1.39034
1.50036
-1.38671
1.49779
-1.38306
1.49515
-1.37939
1.49244
-1.37571
1.48969
-1.37202
1.48689
-1.36832
1.48406
-1.36461
1.48121
-1.3609
1.47835
-1.35719
1.47549
-1.35348
1.47264
-1.34978
1.46982
-1.34608
1.46702
-1.3424
1.46426
-1.33873
1.46156
-1.33509
1.45891
-1.33146
1.45634
-1.32785
1.45385
-1.32428
1.45146
-1.32073
1.44916
-1.31721
1.44698
-1.31373
1.44492
-1.31029
1.443
-1.30689
1.44122
-1.30354
1.4396
-1.30023
1.43814
-1.29698
1.43685
-1.29377
1.43575
-1.29063
1.43485
-1.28754
1.43415
-1.28451
1.43367
-1.28155
1.43341
-1.27866
1.43339
-1.27584
1.43362
-1.27309
1.4341
-1.27043
1.43485
-1.26784
1.43588
-1.26533
1.4372
-1.26291
1.43882
-1.26058
1.44074
-1.25834
1.44299
-1.2562
1.44556
-1.25416
1.44847
-1.25221
1.45173
-1.25037
1.45536
-1.24864
1.45935
-1.24701
1.46372
-1.2455
1.46849
-1.24411
1.47365
-1.24283
1.47923
-1.24168
1.48523
-1.24065
1.49166
-1.23974
1.49854
-1.23897
1.50586
-1.23834
1.51365
-1.23783
1.52191
-1.23747
1.53066
-1.23725
1.5399
-1.23718
1.54965
-1.23718
1.54965
-1.23711
1.55937
-1.23689
1.56853
-1.23652
1.57716
-1.23602
1.58526
-1.23539
1.59284
-1.23461
1.59991
-1.23371
1.60649
-1.23268
1.61258
-1.23153
1.6182
-1.23025
1.62336
-1.22886
1.62807
-1.22735
1.63233
-1.22572
1.63617
-1.22399
1.6396
-1.22215
1.64261
-1.2202
1.64524
-1.21816
1.64748
-1.21601
1.64934
-1.21378
1.65085
-1.21145
1.65201
-1.20903
1.65283
-1.20652
1.65332
-1.20393
1.6535
-1.20126
1.65338
-1.19852
1.65296
-1.1957
1.65226
-1.19281
1.65129
-1.18985
1.65006
-1.18682
1.64858
-1.18373
1.64687
-1.18059
1.64493
-1.17738
1.64277
-1.17413
1.64042
-1.17082
1.63787
-1.16746
1.63514
-1.16406
1.63224
-1.16062
1.62919
-1.15714
1.62599
-1.15363
1.62265
-1.15008
1.61919
-1.1465
1.61562
-1.1429
1.61194
-1.13927
1.60818
-1.13562
1.60433
-1.13196
1.60042
-1.12828
1.59645
-1.12458
1.59244
-1.12088
1.58839
-1.11717
1.58433
-1.11346
1.58025
-1.10975
1.57617
-1.10604
1.5721
-1.10234
1.56805
-1.09865
1.56404
-1.09497
1.56007
-1.0913
1.55616
-1.08765
1.55232
-1.08402
1.54855
-1.08042
1.54488
-1.07684
1.5413
-1.07329
1.53784
-1.06978
1.53451
-1.0663
1.53131
-1.06286
1.52825
-1.05946
1.52535
-1.0561
1.52262
-1.0528
1.52008
-1.04954
1.51772
-1.04634
1.51557
-1.04319
1.51363
-1.0401
1.51191
-1.03708
1.51043
-1.03412
1.5092
-1.03123
1.50823
-1.02841
1.50753
-1.02566
1.50711
-1.02299
1.50699
-1.0204
1.50717
-1.0179
1.50766
-1.01548
1.50848
-1.01315
1.50964
-1.01091
1.51115
-1.00876
1.51302
-1.00672
1.51526
-1.00478
1.51788
-1.00293
1.5209
-1.0012
1.52432
-0.999577
1.52816
-0.998067
1.53243
-0.996672
1.53713
-0.995395
1.54229
-0.994241
1.54791
-0.993211
1.554
-0.992309
1.56058
-0.991537
1.56765
-0.990899
1.57523
-0.990398
1.58333
-0.990036
1.59196
-0.989817
1.60113
-0.989743
1.61085
-0.989743
1.61085
-0.98967
1.62055
-0.98945
1.62967
-0.989089
1.63822
-0.988587
1.64621
-0.987949
1.65365
-0.987178
1.66055
-0.986276
1.66693
-0.985246
1.67279
-0.984091
1.67816
-0.982815
1.68304
-0.98142
1.68744
-0.979909
1.69137
-0.978286
1.69486
-0.976552
1.6979
-0.974712
1.70051
-0.972767
1.70271
-0.970722
1.7045
-0.968579
1.70589
-0.96634
1.70691
-0.96401
1.70755
-0.961591
1.70784
-0.959085
1.70779
-0.956496
1.7074
-0.953828
1.70668
-0.951081
1.70566
-0.948261
1.70434
-0.94537
1.70273
-0.94241
1.70085
-0.939385
1.69871
-0.936297
1.69632
-0.93315
1.69369
-0.929947
1.69083
-0.92669
1.68776
-0.923383
1.68448
-0.920028
1.68102
-0.916629
1.67737
-0.913188
1.67356
-0.909709
1.66959
-0.906194
1.66549
-0.902646
1.66125
-0.899068
1.65689
-0.895464
1.65242
-0.891836
1.64786
-0.888188
1.64321
-0.884521
1.63849
-0.88084
1.63372
-0.877147
1.62889
-0.873445
1.62403
-0.869736
1.61915
-0.866025
1.61425
-0.862314
1.60936
-0.858606
1.60447
-0.854904
1.59961
-0.851211
1.59479
-0.84753
1.59001
-0.843863
1.5853
-0.840214
1.58065
-0.836586
1.57609
-0.832982
1.57162
-0.829405
1.56726
-0.825857
1.56302
-0.822342
1.55891
-0.818863
1.55495
-0.815422
1.55114
-0.812023
1.54749
-0.808668
1.54403
-0.805361
1.54075
-0.802104
1.53768
-0.798901
1.53482
-0.795754
1.53219
-0.792666
1.5298
-0.789641
1.52765
-0.786681
1.52577
-0.78379
1.52417
-0.780969
1.52285
-0.778223
1.52183
-0.775554
1.52111
-0.772966
1.52072
-0.77046
1.52067
-0.768041
1.52095
-0.76571
1.5216
-0.763472
1.52262
-0.761329
1.52401
-0.759284
1.5258
-0.757339
1.528
-0.755499
1.53061
-0.753765
1.53365
-0.752142
1.53714
-0.750631
1.54107
-0.749236
1.54547
-0.747959
1.55035
-0.746805
1.55571
-0.745775
1.56158
-0.744873
1.56796
-0.744101
1.57486
-0.743464
1.5823
-0.742962
1.59029
-0.7426
1.59884
-0.742381
1.60796
-0.742307
1.61766
-0.742307
1.61766
-0.742234
1.60795
-0.742015
1.5988
-0.741653
1.5902
-0.741151
1.58214
-0.740514
1.57461
-0.739742
1.56759
-0.73884
1.56109
-0.73781
1.55507
-0.736656
1.54954
-0.735379
1.54448
-0.733984
1.53988
-0.732473
1.53573
-0.73085
1.53202
-0.729116
1.52873
-0.727276
1.52585
-0.725331
1.52338
-0.723286
1.5213
-0.721143
1.5196
-0.718905
1.51826
-0.716574
1.51728
-0.714155
1.51665
-0.711649
1.51635
-0.709061
1.51637
-0.706392
1.5167
-0.703646
1.51733
-0.700825
1.51825
-0.697934
1.51944
-0.694974
1.5209
-0.691949
1.52261
-0.688861
1.52457
-0.685714
1.52675
-0.682511
1.52915
-0.679254
1.53176
-0.675947
1.53456
-0.672592
1.53755
-0.669193
1.54071
-0.665752
1.54403
-0.662273
1.5475
-0.658758
1.5511
-0.65521
1.55484
-0.651633
1.55869
-0.648028
1.56264
-0.644401
1.56668
-0.640752
1.57081
-0.637085
1.575
-0.633404
1.57925
-0.629711
1.58355
-0.626009
1.58788
-0.622301
1.59224
-0.61859
1.59661
-0.614879
1.60097
-0.61117
1.60533
-0.607468
1.60966
-0.603775
1.61396
-0.600094
1.61821
-0.596427
1.6224
-0.592779
1.62653
-0.589151
1.63057
-0.585546
1.63452
-0.581969
1.63837
-0.578421
1.64211
-0.574906
1.64571
-0.571427
1.64918
-0.567986
1.6525
-0.564587
1.65566
-0.561232
1.65865
-0.557925
1.66145
-0.554668
1.66406
-0.551465
1.66646
-0.548318
1.66864
-0.54523
1.6706
-0.542205
1.67231
-0.539245
1.67377
-0.536354
1.67496
-0.533534
1.67588
-0.530787
1.67651
-0.528119
1.67684
-0.52553
1.67686
-0.523024
1.67656
-0.520605
1.67593
-0.518275
1.67495
-0.516036
1.67361
-0.513893
1.67191
-0.511848
1.66983
-0.509903
1.66736
-0.508063
1.66448
-0.506329
1.66119
-0.504706
1.65748
-0.503195
1.65333
-0.5018
1.64873
-0.500524
1.64367
-0.499369
1.63814
-0.498339
1.63212
-0.497437
1.62562
-0.496666
1.6186
-0.496028
1.61107
-0.495526
1.60301
-0.495165
1.59441
-0.494945
1.58526
-0.494872
1.57555
-0.494872
1.57555
-0.494724
1.56572
-0.494286
1.55623
-0.493562
1.54708
-0.49256
1.53825
-0.491284
1.52975
-0.489741
1.52155
-0.487937
1.51366
-0.485877
1.50607
-0.483568
1.49878
-0.481015
1.49176
-0.478225
1.48503
-0.475203
1.47857
-0.471956
1.47237
-0.468489
1.46642
-0.464808
1.46073
-0.46092
1.45528
-0.456829
1.45007
-0.452542
1.44509
-0.448066
1.44032
-0.443405
1.43578
-0.438566
1.43144
-0.433555
1.42731
-0.428378
1.42337
-0.42304
1.41961
-0.417548
1.41604
-0.411907
1.41264
-0.406124
1.40941
-0.400205
1.40634
-0.394154
1.40342
-0.387979
1.40064
-0.381686
1.39801
-0.375279
1.39551
-0.368765
1.39313
-0.362151
1.39087
-0.355442
1.38872
-0.348643
1.38668
-0.341761
1.38473
-0.334802
1.38288
-0.327772
1.38111
-0.320677
1.37941
-0.313522
1.37778
-0.306314
1.37622
-0.299058
1.37471
-0.29176
1.37325
-0.284427
1.37183
-0.277065
1.37045
-0.269678
1.36909
-0.262274
1.36776
-0.254858
1.36644
-0.247436
1.36512
-0.240014
1.36381
-0.232598
1.36249
-0.225193
1.36115
-0.217807
1.3598
-0.210444
1.35842
-0.203111
1.357
-0.195814
1.35554
-0.188558
1.35403
-0.18135
1.35247
-0.174195
1.35084
-0.167099
1.34914
-0.160069
1.34737
-0.15311
1.34551
-0.146229
1.34357
-0.13943
1.34152
-0.132721
1.33938
-0.126106
1.33712
-0.119593
1.33474
-0.113186
1.33224
-0.106892
1.3296
-0.100717
1.32683
-0.094667
1.32391
-0.0887473
1.32084
-0.0829642
1.31761
-0.0773237
1.31421
-0.0718316
1.31064
-0.0664939
1.30688
-0.0613166
1.30294
-0.0563055
1.29881
-0.0514667
1.29447
-0.046806
1.28992
-0.0423293
1.28516
-0.0380428
1.28018
-0.0339522
1.27497
-0.0300635
1.26952
-0.0263826
1.26382
-0.0229155
1.25788
-0.0196682
1.25168
-0.0166465
1.24522
-0.0138564
1.23848
-0.0113039
1.23147
-0.00899479
1.22417
-0.00693513
1.21658
-0.00513083
1.2087
-0.00358782
1.2005
-0.00231204
1.19199
-0.00130943
1.18317
-0.000585928
1.17401
-0.000147472
1.16453
-6.58775e-31
1.1547
