10
0
1.1547
0.000661665
1.14492
0.00233296
1.13556
0.00499327
1.12662
0.008622
1.11808
0.0131985
1.10994
0.0187023
1.1022
0.0251127
1.09483
0.032409
1.08784
0.0405708
1.08122
0.0495773
1.07494
0.059408
1.06902
0.0700423
1.06343
0.0814596
1.05817
0.0936393
1.05324
0.106561
1.04861
0.120203
1.04429
0.134546
1.04027
0.149569
1.03653
0.165252
1.03306
0.181573
1.02987
0.198512
1.02694
0.216049
1.02425
0.234163
1.02182
0.252833
1.01961
0.272039
1.01763
0.29176
1.01587
0.311975
1.01431
0.332665
1.01296
0.353807
1.01179
0.375383
1.01081
0.39737
1.01
0.419749
1.00936
0.442499
1.00887
0.465599
1.00853
0.489029
1.00832
0.512768
1.00825
0.536795
1.0083
0.56109
1.00846
0.585633
1.00873
0.610402
1.00909
0.635377
1.00954
0.660538
1.01006
0.685863
1.01066
0.711333
1.01132
0.736926
1.01202
0.762622
1.01278
0.788401
1.01356
0.814241
1.01437
0.840123
1.0152
0.866025
1.01604
0.891928
1.01688
0.917809
1.01771
0.94365
1.01852
0.969429
1.01931
0.995125
1.02006
1.02072
1.02077
1.04619
1.02142
1.07151
1.02202
1.09667
1.02255
1.12165
1.02299
1.14642
1.02335
1.17096
1.02362
1.19526
1.02378
1.21928
1.02383
1.24302
1.02376
1.26645
1.02356
1.28955
1.02322
1.3123
1.02273
1.33468
1.02208
1.35667
1.02127
1.37824
1.02029
1.39939
1.01913
1.42008
1.01777
1.44029
1.01622
1.46001
1.01445
1.47922
1.01247
1.49789
1.01027
1.516
1.00783
1.53354
1.00515
1.55048
1.00221
1.5668
0.999019
1.58248
0.995557
1.5975
0.991817
1.61185
0.987791
1.62549
0.98347
1.63841
0.978845
1.65059
0.973909
1.66201
0.968651
1.67264
0.963065
1.68247
0.957139
1.69148
0.950868
1.69964
0.94424
1.70694
0.937249
1.71335
0.929884
1.71885
0.922138
1.72343
0.914002
1.72706
0.905467
1.72972
0.896525
1.73139
0.887166
1.73205
0.877383
1.73205
0.877383
1.73199
0.867498
1.7318
0.857841
1.73148
0.848407
1.73105
0.839191
1.73049
0.830189
1.72983
0.821396
1.72904
0.812807
1.72815
0.804418
1.72715
0.796224
1.72604
0.788221
1.72483
0.780403
1.72352
0.772767
1.72211
0.765307
1.72061
0.758019
1.71901
0.750898
1.71732
0.743939
1.71555
0.737139
1.71369
0.730492
1.71175
0.723993
1.70973
0.717639
1.70763
0.711424
1.70546
0.705343
1.70321
0.699393
1.7009
0.693568
1.69851
0.687864
1.69607
0.682276
1.69356
0.676799
1.69099
0.67143
1.68837
0.666162
1.68569
0.660992
1.68296
0.655915
1.68018
0.650926
1.67736
0.646021
1.67449
0.641194
1.67158
0.636443
1.66863
0.63176
1.66564
0.627143
1.66262
0.622586
1.65958
0.618085
1.6565
0.613635
1.6534
0.609231
1.65027
0.60487
1.64712
0.600545
1.64396
0.596253
1.64078
0.591989
1.63758
0.587748
1.63438
0.583525
1.63117
0.579317
1.62795
0.575117
1.62473
0.570923
1.62151
0.566728
1.6183
0.562529
1.61508
0.55832
1.61188
0.554098
1.60869
0.549857
1.60551
0.545593
1.60234
0.541301
1.5992
0.536976
1.59607
0.532614
1.59297
0.528211
1.58989
0.523761
1.58684
0.519259
1.58382
0.514703
1.58084
0.510085
1.57789
0.505403
1.57498
0.500651
1.57211
0.495825
1.56928
0.49092
1.5665
0.485931
1.56377
0.480854
1.5611
0.475684
1.55847
0.470416
1.55591
0.465046
1.5534
0.45957
1.55095
0.453982
1.54857
0.448277
1.54625
0.442452
1.54401
0.436502
1.54183
0.430422
1.53974
0.424207
1.53771
0.417852
1.53577
0.411354
1.53391
0.404706
1.53214
0.397906
1.53045
0.390948
1.52886
0.383827
1.52735
0.376539
1.52594
0.369079
1.52463
0.361442
1.52342
0.353625
1.52232
0.345621
1.52131
0.337427
1.52042
0.329038
1.51964
0.32045
1.51897
0.311657
1.51842
0.302654
1.51798
0.293439
1.51767
0.284005
1.51748
0.274348
1.51741
0.264463
1.51741
0.264463
1.51192
0.256342
1.50663
0.248553
1.50154
0.241089
1.49665
0.233943
1.49194
0.227109
1.48743
0.22058
1.48309
0.214349
1.47893
0.208409
1.47494
0.202753
1.47113
0.197375
1.46748
0.192269
1.46399
0.187426
1.46066
0.182841
1.45748
0.178506
1.45445
0.174415
1.45157
0.170562
1.44882
0.166938
1.44621
0.163538
1.44374
0.160355
1.44139
0.157382
1.43917
0.154612
1.43707
0.152039
1.43508
0.149655
1.4332
0.147454
1.43144
0.145429
1.42977
0.143574
1.42821
0.141881
1.42674
0.140343
1.42536
0.138955
1.42407
0.137709
1.42286
0.136599
1.42172
0.135617
1.42067
0.134757
1.41968
0.134013
1.41876
0.133376
1.4179
0.132842
1.4171
0.132402
1.41636
0.13205
1.41566
0.13178
1.41501
0.131584
1.4144
0.131455
1.41383
0.131388
1.41329
0.131375
1.41278
0.131409
1.41229
0.131484
1.41183
0.131593
1.41138
0.131729
1.41095
0.131885
1.41052
0.132055
1.41009
0.132231
1.40967
0.132408
1.40924
0.132578
1.40881
0.132734
1.40836
0.13287
1.40789
0.132979
1.40741
0.133054
1.4069
0.133088
1.40636
0.133075
1.40579
0.133007
1.40518
0.132879
1.40453
0.132683
1.40383
0.132413
1.40308
0.132061
1.40228
0.131621
1.40143
0.131086
1.40051
0.13045
1.39952
0.129705
1.39846
0.128846
1.39733
0.127864
1.39612
0.126754
1.39483
0.125508
1.39345
0.124119
1.39198
0.122582
1.39042
0.120889
1.38875
0.119034
1.38699
0.117009
1.38511
0.114808
1.38312
0.112424
1.38102
0.109851
1.3788
0.107081
1.37645
0.104108
1.37397
0.100924
1.37137
0.0975246
1.36862
0.0939012
1.36574
0.0900475
1.36271
0.0859567
1.35953
0.0816221
1.3562
0.0770368
1.35271
0.0721942
1.34906
0.0670874
1.34524
0.0617097
1.34126
0.0560542
1.3371
0.0501143
1.33276
0.0438831
1.32824
0.0373538
1.32354
0.0305198
1.31864
0.0233741
1.31355
0.0159101
1.30827
0.00812102
1.30278
-5.52174e-16
1.30278
0
1.2959
-0.00719351
1.28905
-0.0142734
1.28222
-0.021242
1.2754
-0.0281016
1.26861
-0.0348545
1.26184
-0.0415031
1.25509
-0.0480497
1.24836
-0.0544965
1.24165
-0.060846
1.23496
-0.0671004
1.22828
-0.073262
1.22162
-0.0793332
1.21498
-0.0853163
1.20835
-0.0912136
1.20174
-0.0970274
1.19515
-0.10276
1.18857
-0.108414
1.18201
-0.113991
1.17546
-0.119494
1.16892
-0.124925
1.1624
-0.130287
1.15589
-0.135581
1.14939
-0.140811
1.14291
-0.145978
1.13644
-0.151084
1.12998
-0.156133
1.12352
-0.161126
1.11708
-0.166065
1.11065
-0.170954
1.10423
-0.175794
1.09782
-0.180587
1.09141
-0.185337
1.08502
-0.190045
1.07863
-0.194713
1.07225
-0.199344
1.06587
-0.203941
1.0595
-0.208505
1.05314
-0.213038
1.04679
-0.217544
1.04043
-0.222025
1.03408
-0.226482
1.02774
-0.230919
1.0214
-0.235336
1.01506
-0.239738
1.00873
-0.244126
1.0024
-0.248502
0.996067
-0.252869
0.989738
-0.257229
0.983409
-0.261584
0.977082
-0.265937
0.970754
-0.27029
0.964426
-0.274645
0.958097
-0.279005
0.951766
-0.283372
0.945434
-0.287748
0.9391
-0.292136
0.932763
-0.296537
0.926422
-0.300955
0.920079
-0.305392
0.913731
-0.309849
0.907378
-0.31433
0.901021
-0.318835
0.894659
-0.323369
0.88829
-0.327933
0.881916
-0.33253
0.875534
-0.337161
0.869146
-0.341829
0.86275
-0.346537
0.856345
-0.351286
0.849933
-0.35608
0.843511
-0.36092
0.83708
-0.365808
0.830639
-0.370748
0.824188
-0.375741
0.817727
-0.38079
0.811254
-0.385896
0.804769
-0.391063
0.798272
-0.396292
0.791763
-0.401587
0.785241
-0.406948
0.778705
-0.41238
0.772156
-0.417883
0.765592
-0.42346
0.759014
-0.429114
0.75242
-0.434847
0.745811
-0.44066
0.739185
-0.446558
0.732544
-0.452541
0.725885
-0.458612
0.719208
-0.464774
0.712514
-0.471028
0.705802
-0.477377
0.69907
-0.483824
0.69232
-0.490371
0.685549
-0.497019
0.678759
-0.503772
0.671948
-0.510632
0.665116
-0.5176
0.658263
-0.52468
0.651388
-0.531874
0.651388
-0.531874
0.643184
-0.537535
0.635083
-0.54323
0.627082
-0.548959
0.61918
-0.554721
0.611373
-0.560515
0.603661
-0.56634
0.59604
-0.572197
0.58851
-0.578084
0.581067
-0.584
0.57371
-0.589945
0.566436
-0.595918
0.559244
-0.601919
0.552131
-0.607946
0.545096
-0.613999
0.538136
-0.620078
0.531249
-0.626181
0.524433
-0.632307
0.517686
-0.638457
0.511006
-0.64463
0.504391
-0.650824
0.497839
-0.657039
0.491347
-0.663275
0.484913
-0.66953
0.478536
-0.675805
0.472214
-0.682097
0.465943
-0.688407
0.459723
-0.694734
0.453551
-0.701077
0.447425
-0.707435
0.441342
-0.713809
0.435302
-0.720196
0.429301
-0.726597
0.423338
-0.73301
0.41741
-0.739435
0.411516
-0.745871
0.405653
-0.752318
0.399819
-0.758775
0.394013
-0.765241
0.388232
-0.771715
0.382473
-0.778197
0.376736
-0.784686
0.371017
-0.791181
0.365315
-0.797682
0.359628
-0.804188
0.353953
-0.810698
0.348289
-0.817212
0.342633
-0.823728
0.336983
-0.830247
0.331337
-0.836767
0.325694
-0.843287
0.32005
-0.849808
0.314405
-0.856328
0.308755
-0.862846
0.303099
-0.869363
0.297435
-0.875876
0.29176
-0.882386
0.286073
-0.888892
0.280371
-0.895393
0.274652
-0.901888
0.268915
-0.908377
0.263156
-0.914859
0.257375
-0.921334
0.251568
-0.9278
0.245735
-0.934256
0.239872
-0.940703
0.233978
-0.94714
0.22805
-0.953565
0.222087
-0.959978
0.216086
-0.966379
0.210046
-0.972766
0.203963
-0.979139
0.197837
-0.985497
0.191665
-0.99184
0.185445
-0.998167
0.179174
-1.00448
0.172852
-1.01077
0.166475
-1.01704
0.160041
-1.0233
0.153549
-1.02954
0.146997
-1.03575
0.140381
-1.04194
0.133701
-1.04812
0.126955
-1.05427
0.120139
-1.06039
0.113252
-1.0665
0.106292
-1.07258
0.0992563
-1.07863
0.0921437
-1.08466
0.0849517
-1.09066
0.0776781
-1.09663
0.070321
-1.10257
0.0628781
-1.10849
0.0553475
-1.11438
0.047727
-1.12023
0.0400146
-1.12606
0.0322081
-1.13185
0.0243055
-1.13762
0.0163047
-1.14334
0.00820355
-1.14904
-5.49924e-16
-1.1547
0
-1.1547
-0.000339627
-1.14481
-0.00105345
-1.13515
-0.00213384
-1.1257
-0.00357314
-1.11647
-0.00536374
-1.10744
-0.00749798
-1.09862
-0.00996824
-1.08999
-0.0127669
-1.08156
-0.0158863
-1.07332
-0.0193187
-1.06527
-0.0230567
-1.0574
-0.0270925
-1.0497
-0.0314184
-1.04218
-0.036027
-1.03482
-0.0409104
-1.02762
-0.0460611
-1.02059
-0.0514715
-1.01371
-0.0571339
-1.00697
-0.0630407
-1.00039
-0.0691842
-0.993937
-0.0755568
-0.987625
-0.0821508
-0.981445
-0.0889587
-0.975391
-0.0959728
-0.969459
-0.103185
-0.963644
-0.110589
-0.957943
-0.118176
-0.952351
-0.125938
-0.946862
-0.133869
-0.941473
-0.14196
-0.936179
-0.150203
-0.930976
-0.158592
-0.925859
-0.167118
-0.920823
-0.175774
-0.915863
-0.184552
-0.910977
-0.193445
-0.906158
-0.202444
-0.901403
-0.211543
-0.896706
-0.220734
-0.892064
-0.230008
-0.887471
-0.239359
-0.882924
-0.248779
-0.878417
-0.25826
-0.873947
-0.267794
-0.869508
-0.277374
-0.865096
-0.286992
-0.860707
-0.296641
-0.856336
-0.306312
-0.851979
-0.315999
-0.847631
-0.325694
-0.843287
-0.335388
-0.838944
-0.345075
-0.834595
-0.354747
-0.830238
-0.364396
-0.825867
-0.374014
-0.821478
-0.383594
-0.817067
-0.393128
-0.812628
-0.402609
-0.808157
-0.412028
-0.803651
-0.421379
-0.799103
-0.430654
-0.794511
-0.439844
-0.789869
-0.448943
-0.785172
-0.457943
-0.780416
-0.466836
-0.775598
-0.475614
-0.770711
-0.48427
-0.765752
-0.492796
-0.760716
-0.501185
-0.755598
-0.509428
-0.750395
-0.517519
-0.745101
-0.52545
-0.739712
-0.533212
-0.734224
-0.540799
-0.728631
-0.548202
-0.72293
-0.555415
-0.717116
-0.562429
-0.711184
-0.569237
-0.70513
-0.575831
-0.698949
-0.582204
-0.692637
-0.588347
-0.686189
-0.594254
-0.679601
-0.599916
-0.672869
-0.605327
-0.665987
-0.610477
-0.658951
-0.615361
-0.651756
-0.619969
-0.644399
-0.624295
-0.636874
-0.628331
-0.629178
-0.632069
-0.621305
-0.635502
-0.613251
-0.638621
-0.605011
-0.64142
-0.596582
-0.64389
-0.587958
-0.646024
-0.579135
-0.647815
-0.570108
-0.649254
-0.560873
-0.650334
-0.551425
-0.651048
-0.54176
-0.651388
-0.531874
-0.651388
-0.531874
-0.661187
-0.530347
-0.670787
-0.528591
-0.680192
-0.52661
-0.689406
-0.524408
-0.698433
-0.52199
-0.707278
-0.519361
-0.715943
-0.516526
-0.724434
-0.513489
-0.732754
-0.510255
-0.740907
-0.506829
-0.748898
-0.503216
-0.756731
-0.499419
-0.764409
-0.495444
-0.771937
-0.491295
-0.779318
-0.486978
-0.786557
-0.482497
-0.793658
-0.477856
-0.800625
-0.47306
-0.807462
-0.468114
-0.814173
-0.463023
-0.820762
-0.457791
-0.827233
-0.452423
-0.833591
-0.446924
-0.839838
-0.441298
-0.845981
-0.43555
-0.852021
-0.429684
-0.857964
-0.423707
-0.863813
-0.417621
-0.869574
-0.411432
-0.875248
-0.405145
-0.880842
-0.398764
-0.886358
-0.392294
-0.891801
-0.385739
-0.897175
-0.379104
-0.902484
-0.372395
-0.907733
-0.365615
-0.912924
-0.35877
-0.918062
-0.351863
-0.923152
-0.344901
-0.928197
-0.337886
-0.933201
-0.330825
-0.938169
-0.323721
-0.943104
-0.31658
-0.948011
-0.309407
-0.952893
-0.302205
-0.957755
-0.294979
-0.962601
-0.287735
-0.967435
-0.280477
-0.97226
-0.273209
-0.977082
-0.265937
-0.981903
-0.258665
-0.986729
-0.251397
-0.991562
-0.244139
-0.996408
-0.236895
-1.00127
-0.229669
-1.00615
-0.222467
-1.01106
-0.215293
-1.01599
-0.208152
-1.02096
-0.201049
-1.02597
-0.193988
-1.03101
-0.186973
-1.0361
-0.180011
-1.04124
-0.173104
-1.04643
-0.166259
-1.05168
-0.159479
-1.05699
-0.152769
-1.06236
-0.146135
-1.06781
-0.13958
-1.07332
-0.13311
-1.07892
-0.126729
-1.08459
-0.120442
-1.09035
-0.114253
-1.0962
-0.108167
-1.10214
-0.102189
-1.10818
-0.0963242
-1.11432
-0.0905763
-1.12057
-0.0849504
-1.12693
-0.079451
-1.1334
-0.074083
-1.13999
-0.0688511
-1.1467
-0.0637598
-1.15354
-0.058814
-1.16051
-0.0540182
-1.16761
-0.0493773
-1.17485
-0.0448958
-1.18223
-0.0405784
-1.18975
-0.03643
-1.19743
-0.0324551
-1.20527
-0.0286584
-1.21326
-0.0250446
-1.22141
-0.0216185
-1.22973
-0.0183847
-1.23822
-0.0153478
-1.24689
-0.0125127
-1.25573
-0.00988392
-1.26476
-0.00746624
-1.27397
-0.00526431
-1.28338
-0.00328283
-1.29298
-0.0015265
-1.30278
9.39262e-17
-1.30278
0
-1.31162
0.00419765
-1.32007
0.00830118
-1.32811
0.0123125
-1.33576
0.0162336
-1.34304
0.0200662
-1.34994
0.0238125
-1.35647
0.0274742
-1.36265
0.0310534
-1.36848
0.0345518
-1.37398
0.0379715
-1.37913
0.0413144
-1.38397
0.0445823
-1.38849
0.0477773
-1.39271
0.0509012
-1.39662
0.0539559
-1.40025
0.0569434
-1.40359
0.0598656
-1.40666
0.0627244
-1.40947
0.0655218
-1.41202
0.0682595
-1.41432
0.0709397
-1.41638
0.0735642
-1.4182
0.0761348
-1.41981
0.0786537
-1.4212
0.0811225
-1.42238
0.0835434
-1.42336
0.0859181
-1.42415
0.0882487
-1.42476
0.090537
-1.42519
0.092785
-1.42546
0.0949945
-1.42557
0.0971676
-1.42553
0.099306
-1.42536
0.101412
-1.42504
0.103487
-1.42461
0.105533
-1.42406
0.107553
-1.4234
0.109547
-1.42264
0.111518
-1.42179
0.113469
-1.42085
0.1154
-1.41985
0.117313
-1.41877
0.119212
-1.41764
0.121097
-1.41646
0.12297
-1.41524
0.124834
-1.41398
0.12669
-1.4127
0.12854
-1.4114
0.130387
-1.41009
0.132231
-1.40879
0.134076
-1.40749
0.135923
-1.40621
0.137773
-1.40495
0.139629
-1.40373
0.141493
-1.40255
0.143366
-1.40142
0.145251
-1.40034
0.147149
-1.39933
0.149063
-1.3984
0.150994
-1.39755
0.152944
-1.39679
0.154916
-1.39613
0.15691
-1.39558
0.15893
-1.39514
0.160976
-1.39483
0.163051
-1.39465
0.165157
-1.39462
0.167295
-1.39473
0.169468
-1.395
0.171678
-1.39543
0.173926
-1.39604
0.176214
-1.39683
0.178545
-1.39781
0.180919
-1.39899
0.18334
-1.40038
0.185809
-1.40199
0.188328
-1.40381
0.190899
-1.40587
0.193523
-1.40817
0.196203
-1.41072
0.198941
-1.41353
0.201738
-1.4166
0.204597
-1.41994
0.207519
-1.42357
0.210507
-1.42748
0.213562
-1.4317
0.216686
-1.43622
0.219881
-1.44105
0.223148
-1.44621
0.226491
-1.4517
0.229911
-1.45754
0.23341
-1.46371
0.236989
-1.47025
0.24065
-1.47715
0.244397
-1.48442
0.248229
-1.49208
0.25215
-1.50012
0.256162
-1.50856
0.260265
-1.51741
0.264463
-1.51741
0.264463
-1.52454
0.271293
-1.53137
0.278081
-1.53791
0.284827
-1.54415
0.291533
-1.55011
0.298198
-1.55579
0.304825
-1.5612
0.311413
-1.56635
0.317964
-1.57123
0.324479
-1.57587
0.330958
-1.58025
0.337402
-1.5844
0.343813
-1.58831
0.35019
-1.592
0.356536
-1.59546
0.36285
-1.59871
0.369134
-1.60174
0.375389
-1.60458
0.381615
-1.60721
0.387813
-1.60966
0.393984
-1.61192
0.400129
-1.614
0.406249
-1.61591
0.412345
-1.61765
0.418418
-1.61924
0.424468
-1.62066
0.430496
-1.62194
0.436503
-1.62308
0.44249
-1.62408
0.448459
-1.62496
0.454409
-1.62571
0.460342
-1.62634
0.466258
-1.62686
0.472159
-1.62728
0.478045
-1.6276
0.483917
-1.62782
0.489776
-1.62796
0.495623
-1.62802
0.501458
-1.62801
0.507284
-1.62793
0.513099
-1.62778
0.518906
-1.62758
0.524706
-1.62734
0.530498
-1.62704
0.536284
-1.62672
0.542065
-1.62636
0.547842
-1.62597
0.553615
-1.62557
0.559386
-1.62515
0.565155
-1.62473
0.570923
-1.62431
0.576691
-1.6239
0.58246
-1.62349
0.58823
-1.62311
0.594004
-1.62275
0.59978
-1.62242
0.605561
-1.62213
0.611348
-1.62188
0.61714
-1.62168
0.622939
-1.62154
0.628746
-1.62145
0.634562
-1.62144
0.640387
-1.6215
0.646223
-1.62164
0.65207
-1.62187
0.657929
-1.62218
0.663801
-1.6226
0.669687
-1.62312
0.675588
-1.62376
0.681504
-1.62451
0.687437
-1.62538
0.693387
-1.62638
0.699355
-1.62752
0.705342
-1.6288
0.71135
-1.63023
0.717378
-1.63181
0.723428
-1.63355
0.7295
-1.63546
0.735596
-1.63754
0.741716
-1.6398
0.747861
-1.64225
0.754033
-1.64489
0.760231
-1.64772
0.766457
-1.65076
0.772711
-1.654
0.778995
-1.65747
0.78531
-1.66115
0.791655
-1.66506
0.798033
-1.66921
0.804443
-1.6736
0.810888
-1.67823
0.817367
-1.68312
0.823881
-1.68826
0.830433
-1.69367
0.837021
-1.69936
0.843647
-1.70532
0.850313
-1.71156
0.857018
-1.71809
0.863765
-1.72492
0.870552
-1.73205
0.877383
-1.73205
0.877383
-1.73153
0.887167
-1.73
0.896527
-1.72747
0.90547
-1.72396
0.914006
-1.71949
0.922143
-1.71409
0.92989
-1.70778
0.937255
-1.70057
0.944247
-1.69249
0.950875
-1.68355
0.957148
-1.67379
0.963073
-1.66321
0.96866
-1.65185
0.973918
-1.63971
0.978855
-1.62683
0.98348
-1.61322
0.987801
-1.5989
0.991827
-1.5839
0.995567
-1.56823
0.99903
-1.55192
1.00222
-1.53498
1.00516
-1.51744
1.00784
-1.49932
1.01028
-1.48064
1.01248
-1.46142
1.01446
-1.44168
1.01623
-1.42144
1.01778
-1.40072
1.01914
-1.37954
1.0203
-1.35793
1.02128
-1.3359
1.02209
-1.31348
1.02274
-1.29068
1.02322
-1.26753
1.02357
-1.24405
1.02377
-1.22025
1.02384
-1.19616
1.02379
-1.17181
1.02363
-1.1472
1.02336
-1.12237
1.023
-1.09733
1.02255
-1.0721
1.02202
-1.0467
1.02143
-1.02116
1.02077
-0.995496
1.02006
-0.969727
1.01931
-0.943874
1.01852
-0.917959
1.01771
-0.892003
1.01688
-0.866025
1.01604
-0.840048
1.0152
-0.814092
1.01437
-0.788177
1.01356
-0.762324
1.01277
-0.736555
1.01202
-0.710889
1.01131
-0.685348
1.01066
-0.659953
1.01006
-0.634724
1.00953
-0.609682
1.00908
-0.584848
1.00872
-0.560242
1.00846
-0.535886
1.00829
-0.5118
1.00824
-0.488005
1.00832
-0.464522
1.00852
-0.441372
1.00886
-0.418574
1.00935
-0.396151
1.00999
-0.374123
1.0108
-0.35251
1.01178
-0.331334
1.01295
-0.310616
1.0143
-0.290375
1.01586
-0.270633
1.01762
-0.251411
1.0196
-0.232729
1.0218
-0.214608
1.02424
-0.197069
1.02693
-0.180133
1.02986
-0.163821
1.03305
-0.148153
1.03652
-0.13315
1.04026
-0.118833
1.04428
-0.105222
1.0486
-0.0923391
1.05323
-0.0802043
1.05817
-0.0688386
1.06342
-0.0582627
1.06901
-0.0484974
1.07494
-0.0395635
1.08121
-0.0314818
1.08784
-0.024273
1.09483
-0.0179579
1.10219
-0.0125574
1.10994
-0.00809214
1.11808
-0.00458301
1.12661
-0.00205075
1.13556
-0.000516151
1.14492
-2.30571e-30
1.1547
