6.67
5.47837
4.31199
3.1706
2.05392
0.961667
-0.106414
-1.1506
-2.17115
-3.16833
-4.14241
-5.09365
-6.0223
-6.92863
-7.81289
-8.67532
-9.5162
-10.3358
-11.1342
-11.9119
-12.669
-13.4058
-14.1224
-14.8193
-15.4965
-16.1543
-16.793
-17.4128
-18.0139
-18.5965
-19.1609
-19.7074
-20.236
-20.7471
-21.2409
-21.7176
-22.1774
-22.6205
-23.0471
-23.4575
-23.8519
-24.2304
-24.5934
-24.9409
-25.2732
-25.5905
-25.893
-26.1809
-26.4544
-26.7137
-26.959
-27.1904
-27.4083
-27.6127
-27.8039
-27.982
-28.1472
-28.2998
-28.4399
-28.5676
-28.6832
-28.7869
-28.8787
-28.959
-29.0278
-29.0854
-29.1319
-29.1675
-29.1923
-29.2066
-29.2104
-29.204
-29.1875
-29.1611
-29.125
-29.0792
-29.024
-28.9595
-28.8858
-28.8032
-28.7118
-28.6117
-28.5031
-28.3861
-28.2608
-28.1275
-27.9862
-27.8372
-27.6805
-27.5163
-27.3447
-27.1659
-26.9799
-26.7871
-26.5874
-26.381
-26.168
-25.9486
-25.7229
-25.491
-25.2531
-25.0093
-24.7597
-24.5044
-24.2435
-23.9772
-23.7056
-23.4289
-23.147
-22.8602
-22.5686
-22.2722
-21.9712
-21.6658
-21.3559
-21.0417
-20.7234
-20.401
-20.0747
-19.7445
-19.4106
-19.073
-18.7318
-18.3873
-18.0394
-17.6882
-17.3339
-16.9765
-16.6162
-16.2531
-15.8872
-15.5186
-15.1474
-14.7737
-14.3977
-14.0193
-13.6387
-13.256
-12.8712
-12.4844
-12.0958
-11.7054
-11.3132
-10.9194
-10.5241
-10.1273
-9.72903
-9.32948
-8.92869
-8.52672
-8.12366
-7.71957
-7.31454
-6.90862
-6.50189
-6.09442
-5.68628
-5.27755
-4.86827
-4.45853
-4.04838
-3.6379
-3.22713
-2.81616
-2.40504
-1.99383
-1.58259
-1.17139
-0.760268
-0.3493
0.0614626
0.471964
0.882147
1.29196
1.70134
2.11025
2.51862
2.92641
3.33357
3.74004
4.14577
4.55073
4.95485
5.35809
5.76042
6.16177
6.5621
6.96138
7.35955
7.75658
8.15242
8.54703
8.94037
9.3324
9.72308
10.1124
10.5002
10.8866
11.2715
11.6549
12.0367
12.4169
12.7954
13.1723
13.5475
13.9209
14.2926
14.6624
15.0305
15.3966
15.7609
16.1233
16.4837
16.8421
17.1985
17.5529
17.9053
18.2556
18.6037
18.9498
19.2937
19.6354
19.975
20.3123
20.6474
20.9802
21.3108
21.639
21.965
22.2886
22.6098
22.9287
23.2452
23.5593
23.871
24.1802
24.487
24.7914
25.0932
25.3926
25.6895
25.9838
26.2756
26.5649
26.8517
27.1358
27.4174
27.6965
27.9729
28.2467
28.5179
28.7866
29.0525
29.3159
29.5766
29.8347
30.0901
30.3429
30.593
30.8405
31.0852
31.3273
31.5668
31.8035
32.0376
32.269
32.4977
32.7237
32.947
33.1676
33.3855
33.6008
33.8133
34.0232
34.2303
34.4348
34.6366
34.8357
35.0321
35.2258
35.4169
35.6052
35.7909
35.974
36.1543
36.332
36.507
36.6794
36.8492
37.0163
37.1807
37.3426
37.5018
37.6583
37.8123
37.9637
38.1124
38.2586
38.4022
38.5432
38.6817
38.8176
38.9509
39.0818
39.21
39.3358
39.459
39.5798
39.698
39.8138
39.9271
40.0379
40.1463
40.2522
40.3558
40.4569
40.5556
40.6519
40.7458
40.8373
40.9265
41.0134
41.0979
41.1801
41.26
41.3377
41.413
41.4861
41.5569
41.6255
41.6918
41.756
41.8179
41.8777
41.9353
41.9908
42.0441
42.0953
42.1444
42.1915
42.2364
42.2793
42.3201
42.3589
42.3957
42.4305
42.4633
42.4942
42.5231
42.5501
42.5752
42.5983
42.6196
42.639
42.6566
42.6724
42.6863
42.6984
42.7088
42.7174
42.7242
42.7293
42.7327
42.7344
42.7345
42.7328
42.7296
42.7247
42.7182
42.7101
42.7004
42.6892
42.6765
42.6622
42.6465
42.6292
42.6105
42.5904
42.5688
42.5458
42.5215
42.4957
42.4686
42.4402
42.4104
42.3794
42.347
42.3134
42.2786
42.2425
42.2052
42.1667
42.1271
42.0863
42.0443
42.0013
41.9571
41.9119
41.8656
41.8182
41.7698
41.7204
41.67
41.6187
41.5664
41.5131
41.4589
41.4038
41.3479
41.291
41.2334
41.1748
41.1155
41.0554
40.9945
40.9328
40.8704
40.8072
40.7434
40.6788
40.6136
40.5477
40.4812
40.414
40.3463
40.2779
40.209
40.1395
40.0695
39.999
39.9279
39.8564
39.7844
39.7119
39.639
39.5656
39.4919
39.4177
39.3432
39.2683
39.1931
39.1175
39.0416
38.9655
38.889
38.8123
38.7353
38.658
38.5806
38.5029
38.4251
38.347
38.2688
38.1905
38.112
38.0334
37.9546
37.8758
37.7969
37.718
37.6389
37.5599
37.4808
37.4017
37.3226
37.2435
37.1645
37.0854
37.0065
36.9276
36.8488
36.77
36.6914
36.6129
36.5345
36.4562
36.3781
36.3002
36.2224
36.1448
36.0674
35.9902
35.9133
35.8365
35.76
35.6838
35.6078
35.532
35.4566
35.3814
35.3066
35.232
35.1578
35.0839
35.0103
34.9371
34.8643
34.7918
34.7196
34.6479
34.5765
34.5056
34.4351
34.3649
34.2952
34.2259
34.1571
34.0887
34.0208
33.9533
33.8863
33.8197
33.7537
33.6881
33.623
33.5584
33.4944
33.4308
33.3678
33.3052
33.2432
33.1818
33.1208
33.0605
33.0006
32.9413
32.8826
32.8245
32.7669
32.7098
32.6534
32.5975
32.5422
32.4875
32.4334
32.3799
32.3269
32.2746
32.2229
32.1717
32.1212
32.0713
32.022
31.9733
31.9252
31.8777
31.8309
31.7846
31.739
31.694
31.6496
31.6059
31.5627
31.5202
31.4783
31.437
31.3964
31.3564
31.317
31.2782
31.24
31.2025
31.1656
31.1293
31.0936
31.0585
31.024
30.9902
30.957
30.9243
30.8923
30.8609
30.8301
30.7999
30.7702
30.7412
30.7128
30.6849
30.6577
30.631
30.6049
30.5794
30.5544
30.53
30.5062
30.4829
30.4602
30.438
30.4164
30.3953
30.3747
30.3547
30.3352
30.3162
30.2977
30.2798
30.2623
30.2454
30.2289
30.2129
30.1974
30.1824
30.1678
30.1537
30.14
30.1268
30.1141
30.1017
30.0898
30.0783
30.0672
30.0566
30.0463
30.0364
30.0269
30.0177
30.0089
30.0005
29.9924
29.9847
29.9773
29.9702
29.9635
29.957
29.9508
29.945
29.9394
29.934
29.929
29.9242
29.9196
29.9152
29.9111
29.9072
29.9035
29.9
29.8967
29.8935
29.8906
29.8877
29.8851
29.8825
29.8801
29.8778
29.8755
29.8734
29.8714
29.8694
29.8675
29.8657
29.8638
29.862
29.8603
29.8585
29.8567
29.8549
29.8531
29.8513
29.8494
29.8474
29.8454
29.8432
29.841
29.8387
29.8363
29.8337
29.831
29.8281
29.8251
29.8219
29.8185
29.8149
29.8111
29.8071
29.8028
29.7983
29.7935
29.7885
29.7832
29.7776
29.7717
29.7655
29.7589
29.752
29.7448
29.7372
29.7292
29.7208
29.7121
29.7029
29.6933
29.6832
29.6728
29.6618
29.6504
29.6386
29.6262
29.6133
29.5999
29.586
29.5716
29.5566
29.541
29.5249
29.5082
29.4909
29.473
29.4545
29.4353
29.4155
29.3951
29.374
29.3523
29.3299
29.3067
29.2829
29.2584
29.2331
29.2071
29.1804
29.153
29.1247
29.0957
29.0659
29.0354
29.004
28.9718
28.9388
28.905
28.8703
28.8348
28.7984
28.7612
28.7231
28.6842
28.6443
28.6035
28.5619
28.5193
28.4758
28.4314
28.386
28.3397
28.2925
28.2443
28.1951
28.145
28.0939
28.0418
27.9888
27.9347
27.8796
27.8235
27.7665
27.7084
27.6493
27.5891
27.5279
27.4657
27.4025
27.3382
27.2729
27.2065
27.1391
27.0706
27.001
26.9304
26.8587
26.786
26.7122
26.6373
26.5614
26.4843
26.4062
26.3271
26.2468
26.1655
26.0831
25.9997
25.9151
25.8295
25.7428
25.6551
25.5663
25.4764
25.3855
25.2935
25.2004
25.1063
25.0111
24.9149
24.8176
24.7193
24.62
24.5197
24.4183
24.3159
24.2125
24.1081
24.0027
23.8963
23.7889
23.6806
23.5713
23.461
23.3498
23.2376
23.1245
23.0105
22.8956
22.7798
22.6631
22.5456
22.4272
22.3079
22.1878
22.0668
21.9451
21.8226
21.6993
21.5752
21.4503
21.3248
21.1985
21.0715
20.9439
20.8156
20.6866
20.557
20.4268
20.296
20.1646
20.0327
19.9003
19.7673
19.6339
19.5
19.3657
19.231
19.0958
18.9603
18.8245
18.6883
18.5519
18.4152
18.2783
18.1411
18.0038
17.8663
17.7287
17.591
17.4533
17.3155
17.1777
17.04
16.9023
16.7648
16.6273
16.4901
16.353
16.2162
16.0797
15.9434
15.8076
15.6721
15.537
15.4025
15.2684
15.1349
15.0019
14.8696
14.738
14.6071
14.477
14.3476
14.2192
14.0916
13.9649
13.8393
13.7147
13.5912
13.4689
13.3477
13.2278
13.1091
12.9919
12.876
12.7616
12.6486
12.5373
12.4275
12.3195
12.2132
12.1087
12.006
11.9052
11.8064
11.7097
11.615
11.5226
11.4323
11.3443
11.2587
11.1755
11.0948
11.0167
10.9412
10.8683
10.7983
10.7311
10.6668
10.6054
10.5472
10.4921
10.4401
10.3915
10.3463
10.3044
10.2661
10.2314
10.2004
10.1732
10.1498
10.1303
10.1148
10.1035
10.0963
10.0934
10.0949
10.1009
10.1114
10.1265
10.1464
10.171
10.2006
10.2353
10.275
10.3199
10.3702
10.4258
10.487
10.5538
10.6263
10.7046
10.7888
10.879
10.9754
11.0781
11.187
11.3025
11.4245
11.5532
11.6887
11.8311
11.9805
12.1371
12.3009
12.4722
12.6509
12.8372
13.0313
13.2333
13.4433
13.6614
13.8877
14.1224
14.3656
14.6174
14.878
15.1475
15.4261
15.7138
16.0108
16.3173
16.6333
16.9591
17.2947
17.6404
17.9962
18.3623
18.7388
19.1259
19.5238
19.9325
20.3524
20.7833
21.2257
21.6796
22.1451
22.6224
23.1117
23.6132
24.127
24.6532
25.1921
25.7437
26.3084
26.8861
27.4772
28.0818
6.67
6.50852
6.35167
6.19938
6.0516
5.90827
5.76935
5.63478
5.5045
5.37846
5.25661
5.1389
5.02527
4.91567
4.81006
4.70838
4.61058
4.51661
4.42643
4.33997
4.2572
4.17806
4.10252
4.03051
3.96199
3.89691
3.83523
3.77691
3.72189
3.67013
3.62158
3.5762
3.53395
3.49477
3.45864
3.42549
3.3953
3.36801
3.34358
3.32198
3.30315
3.28707
3.27368
3.26294
3.25482
3.24928
3.24627
3.24575
3.24769
3.25205
3.25878
3.26786
3.27923
3.29287
3.30874
3.3268
3.34701
3.36933
3.39373
3.42018
3.44864
3.47907
3.51143
3.54571
3.58184
3.61982
3.65959
3.70114
3.74441
3.78939
3.83604
3.88433
3.93421
3.98568
4.03868
4.09319
4.14918
4.20662
4.26548
4.32573
4.38733
4.45026
4.5145
4.58
4.64674
4.7147
4.78384
4.85414
4.92557
4.99811
5.07171
5.14637
5.22205
5.29872
5.37636
5.45494
5.53445
5.61484
5.69611
5.77821
5.86113
5.94485
6.02934
6.11457
6.20053
6.28718
6.37451
6.46249
6.55111
6.64033
6.73014
6.82051
6.91142
7.00286
7.09479
7.1872
7.28008
7.37338
7.46711
7.56123
7.65573
7.75059
7.84578
7.9413
8.03711
8.13321
8.22957
8.32617
8.423
8.52004
8.61726
8.71467
8.81222
8.90992
9.00774
9.10566
9.20368
9.30176
9.3999
9.49809
9.5963
9.69452
9.79273
9.89092
9.98908
10.0872
10.1852
10.2832
10.3811
10.4788
10.5765
10.674
10.7714
10.8686
10.9656
11.0624
11.1591
11.2555
11.3517
11.4477
11.5434
11.6389
11.7341
11.829
11.9236
12.018
12.112
12.2056
12.299
12.392
12.4846
12.5769
12.6688
12.7603
12.8514
12.9421
13.0324
13.1223
13.2117
13.3007
13.3893
13.4774
13.565
13.6521
13.7388
13.825
13.9106
13.9958
14.0805
14.1646
14.2482
14.3313
14.4138
14.4958
14.5772
14.6581
14.7384
14.8181
14.8973
14.9758
15.0538
15.1312
15.2079
15.2841
15.3596
15.4346
15.5089
15.5826
15.6556
15.728
15.7998
15.8709
15.9414
16.0112
16.0804
16.1489
16.2167
16.2839
16.3503
16.4162
16.4813
16.5457
16.6095
16.6726
16.735
16.7967
16.8577
16.918
16.9775
17.0364
17.0946
17.1521
17.2088
17.2649
17.3202
17.3749
17.4288
17.4819
17.5344
17.5861
17.6372
17.6875
17.737
17.7859
17.834
17.8814
17.928
17.974
18.0192
18.0636
18.1074
18.1504
18.1927
18.2342
18.275
18.3151
18.3545
18.3931
18.431
18.4682
18.5046
18.5404
18.5753
18.6096
18.6431
18.676
18.7081
18.7394
18.7701
18.8
18.8292
18.8577
18.8854
18.9125
18.9388
18.9645
18.9894
19.0136
19.0371
19.0599
19.082
19.1034
19.1241
19.1441
19.1634
19.182
19.2
19.2172
19.2337
19.2496
19.2648
19.2793
19.2931
19.3063
19.3188
19.3306
19.3418
19.3523
19.3621
19.3713
19.3798
19.3877
19.3949
19.4015
19.4075
19.4128
19.4175
19.4215
19.4249
19.4277
19.4299
19.4315
19.4324
19.4327
19.4325
19.4316
19.4301
19.428
19.4254
19.4221
19.4183
19.4139
19.4089
19.4033
19.3972
19.3905
19.3833
19.3755
19.3671
19.3582
19.3487
19.3387
19.3282
19.3171
19.3055
19.2934
19.2808
19.2676
19.254
19.2398
19.2251
19.21
19.1943
19.1782
19.1615
19.1444
19.1268
19.1088
19.0902
19.0712
19.0518
19.0319
19.0116
18.9908
18.9695
18.9479
18.9258
18.9033
18.8803
18.857
18.8332
18.809
18.7844
18.7595
18.7341
18.7083
18.6822
18.6557
18.6288
18.6015
18.5739
18.5459
18.5176
18.4889
18.4598
18.4305
18.4007
18.3707
18.3403
18.3096
18.2786
18.2473
18.2157
18.1837
18.1515
18.119
18.0862
18.0531
18.0197
17.986
17.9521
17.9179
17.8835
17.8488
17.8138
17.7786
17.7432
17.7075
17.6716
17.6355
17.5991
17.5625
17.5257
17.4887
17.4515
17.4141
17.3765
17.3387
17.3008
17.2626
17.2243
17.1858
17.1471
17.1083
17.0693
17.0301
16.9908
16.9514
16.9118
16.8721
16.8322
16.7923
16.7522
16.7119
16.6716
16.6312
16.5906
16.55
16.5092
16.4684
16.4274
16.3864
16.3453
16.3042
16.2629
16.2216
16.1802
16.1388
16.0973
16.0558
16.0142
15.9725
15.9309
15.8892
15.8474
15.8057
15.7639
15.7221
15.6802
15.6384
15.5966
15.5547
15.5128
15.471
15.4292
15.3873
15.3455
15.3037
15.2619
15.2202
15.1784
15.1367
15.0951
15.0535
15.0119
14.9703
14.9288
14.8874
14.846
14.8047
14.7634
14.7222
14.6811
14.6401
14.5991
14.5582
14.5174
14.4766
14.436
14.3954
14.3549
14.3145
14.2743
14.2341
14.194
14.154
14.1142
14.0744
14.0348
13.9953
13.9559
13.9166
13.8775
13.8384
13.7995
13.7608
13.7222
13.6837
13.6453
13.6071
13.5691
13.5311
13.4934
13.4558
13.4183
13.381
13.3438
13.3069
13.27
13.2334
13.1969
13.1605
13.1243
13.0884
13.0525
13.0169
12.9814
12.9461
12.911
12.8761
12.8413
12.8067
12.7723
12.7381
12.7041
12.6703
12.6367
12.6032
12.57
12.5369
12.5041
12.4714
12.439
12.4067
12.3746
12.3428
12.3111
12.2797
12.2484
12.2174
12.1866
12.1559
12.1255
12.0953
12.0653
12.0355
12.0059
11.9765
11.9474
11.9184
11.8897
11.8612
11.8329
11.8048
11.7769
11.7492
11.7218
11.6945
11.6675
11.6407
11.6141
11.5877
11.5616
11.5356
11.5099
11.4844
11.4591
11.434
11.4092
11.3845
11.3601
11.3359
11.3119
11.2881
11.2645
11.2411
11.218
11.1951
11.1723
11.1498
11.1275
11.1054
11.0836
11.0619
11.0404
11.0192
10.9981
10.9773
10.9566
10.9362
10.916
10.896
10.8762
10.8565
10.8371
10.8179
10.7989
10.7801
10.7614
10.743
10.7248
10.7067
10.6889
10.6712
10.6537
10.6364
10.6193
10.6024
10.5857
10.5691
10.5527
10.5365
10.5205
10.5047
10.489
10.4735
10.4582
10.4431
10.4281
10.4133
10.3986
10.3841
10.3698
10.3556
10.3416
10.3277
10.314
10.3005
10.2871
10.2738
10.2607
10.2477
10.2349
10.2222
10.2097
10.1973
10.185
10.1728
10.1608
10.1489
10.1372
10.1255
10.114
10.1026
10.0913
10.0801
10.0691
10.0581
10.0473
10.0366
10.0259
10.0154
10.0049
9.99461
9.98436
9.9742
9.96413
9.95414
9.94424
9.93442
9.92467
9.91501
9.90541
9.89589
9.88643
9.87704
9.86772
9.85845
9.84924
9.84009
9.83099
9.82194
9.81294
9.80398
9.79506
9.78619
9.77735
9.76855
9.75978
9.75103
9.74232
9.73362
9.72495
9.7163
9.70766
9.69904
9.69043
9.68182
9.67322
9.66462
9.65602
9.64742
9.63882
9.6302
9.62158
9.61294
9.60428
9.59561
9.58691
9.57819
9.56944
9.56067
9.55186
9.54302
9.53413
9.52521
9.51625
9.50724
9.49818
9.48908
9.47992
9.4707
9.46143
9.45209
9.4427
9.43323
9.4237
9.4141
9.40443
9.39468
9.38485
9.37494
9.36495
9.35487
9.3447
9.33445
9.3241
9.31366
9.30312
9.29248
9.28174
9.2709
9.25995
9.24889
9.23772
9.22644
9.21505
9.20353
9.1919
9.18015
9.16828
9.15628
9.14415
9.1319
9.11951
9.10699
9.09434
9.08155
9.06862
9.05556
9.04235
9.029
9.0155
9.00186
8.98807
8.97413
8.96004
8.9458
8.9314
8.91685
8.90214
8.88728
8.87225
8.85707
8.84172
8.82621
8.81054
8.7947
8.7787
8.76252
8.74619
8.72968
8.713
8.69616
8.67914
8.66195
8.64459
8.62706
8.60935
8.59147
8.57342
8.55519
8.53679
8.51821
8.49946
8.48053
8.46143
8.44215
8.4227
8.40307
8.38326
8.36329
8.34314
8.32281
8.30231
8.28164
8.26079
8.23978
8.21859
8.19723
8.17571
8.15401
8.13215
8.11012
8.08792
8.06557
8.04304
8.02036
7.99752
7.97452
7.95136
7.92804
7.90458
7.88096
7.85719
7.83327
7.80921
7.785
7.76065
7.73616
7.71154
7.68678
7.66189
7.63687
7.61173
7.58646
7.56107
7.53556
7.50994
7.48421
7.45837
7.43243
7.40638
7.38024
7.354
7.32768
7.30127
7.27477
7.2482
7.22156
7.19484
7.16806
7.14122
7.11433
7.08738
7.06039
7.03336
7.00629
6.97919
6.95206
6.92491
6.89775
6.87058
6.84341
6.81624
6.78907
6.76192
6.7348
6.7077
6.68063
6.6536
6.62662
6.59969
6.57282
6.54603
6.5193
6.49266
6.46611
6.43965
6.4133
6.38706
6.36094
6.33496
6.30911
6.2834
6.25785
6.23246
6.20724
6.18221
6.15736
6.13271
6.10827
6.08405
6.06005
6.0363
6.01279
5.98953
5.96655
5.94384
5.92142
5.8993
5.87749
5.85601
5.83485
5.81404
5.79358
5.77349
5.75378
5.73446
5.71555
5.69704
5.67897
5.66134
5.64416
5.62744
5.61121
5.59547
5.58023
5.56551
5.55133
5.5377
5.52462
5.51213
5.50022
5.48892
5.47824
5.4682
5.4588
5.45007
5.44203
5.43468
5.42805
5.42214
5.41699
5.41259
5.40898
5.40616
5.40415
5.40298
5.40266
5.4032
5.40463
5.40696
5.41021
5.4144
5.41955
5.42568
5.4328
5.44094
5.45011
5.46035
5.47165
5.48405
5.49757
5.51223
5.52804
5.54503
5.56322
5.58264
5.60329
5.62521
5.64842
5.67294
5.6988
5.72601
5.75459
5.78458
5.816
5.84886
5.8832
5.91904
5.9564
5.9953
6.03578
6.07785
6.12155
6.1669
6.21392
6.26264
6.31309
6.3653
6.41928
6.47507
6.5327
6.59219
6.65357
6.71688
6.78213
6.84935
6.91859
6.98985
7.06319
7.13861
7.21616
7.29587
7.37776
7.46187
7.54822
7.63685
7.7278
7.82108
7.91674
8.01481
8.11532
8.2183
8.32378
8.43181
8.54241
8.65562
8.77147
